527456
527457
527459
527460
527466
527468
527534
527536
527538
527540
527542
527543
527545
527546
527736
527737
527739
527740
527742
527743
527745
527746
527748
527749
527751
527752
527756
527758
527760
527762
527764
527766
527768
527770
527772
527774
527776
527778
527782
527784
527786
527788
527790
527792
527794
527796
527798
527800
527802
527804
527806
527808
527810
527812
527814
527816
527818
527820
527822
527824
527826
527828
527834
527836
527838
527840
527842
527844
527856
527857
527859
527860
527862
527864
527866
527867
527869
527870
527872
527873
527875
527876
527878
527879
527881
527882
527884
527886
527888
527890
527892
527894
527896
527897
527899
527900
527902
527904
527906
527907
527909
527910
527912
527913
527915
527916
527918
527919
527921
527922
527924
527925
527927
527928
527930
527932
527934
527936
527938
527940
527942
527944
527954
527956
527958
527960
527962
527964
527966
527968
527972
527974
527976
527978
527980
527982
527984
527986
527988
527990
527992
527994
528012
528014
528016
528017
528019
528020
528022
528024
528026
528028
528070
528072
528074
528076
528078
528080
528082
528084
528086
528088
528090
528092
528094
528096
528098
528100
528102
528103
528105
528106
528160
528162
528164
528166
528168
528169
528171
528172
528174
528175
528177
528178
528180
528181
528183
528184
528186
528188
528190
528192
528194
528196
528198
528199
528201
528202
528204
528206
528208
528210
528212
528214
528216
528218
528220
528222
528224
528226
528228
528230
528232
528234
528236
528238
528248
528250
528252
528254
528256
528258
528260
528262
528264
528266
528268
528270
528272
528274
528276
528278
528290
528291
528293
528294
528296
528297
528299
528300
528302
528303
528305
528306
528308
528309
528316
528318
528320
528322
528324
528328
528330
528332
528334
528336
528342
528344
528346
528350
528352
528354
528358
528360
528362
528366
528368
528370
528372
528374
528378
528380
528382
528384
528386
528390
528392
528394
528396
528398
528400
528402
528426
528427
528429
528430
528432
528433
528435
528436
528438
528439
528444
528446
528448
528450
528452
528466
528467
528469
528470
528472
528473
528475
528476
528478
528479
528490
528492
528494
528496
528498
528514
528516
528518
528520
528522
528532
528534
528536
528544
528546
528548
528630
528632
528634
528642
528644
528646
528728
528729
528731
528732
528734
528735
528737
528738
528740
528741
528746
528748
528750
528752
528754
528768
528770
528772
528774
528776
528784
528786
528788
528790
528792
528808
528810
528812
528814
528816
528824
528826
528828
528830
528832
531442
531443
531445
531446
531452
531454
531482
531483
531485
531486
531492
531494
531514
531516
531712
531714
531716
531717
531719
531720
531722
531723
531725
531726
531728
531730
531732
531734
531736
531738
531740
531742
531744
531746
531748
531750
531752
531754
531756
531758
531760
531762
531764
531766
531772
531774
531776
531778
531780
531782
531788
531790
531792
531794
531796
531798
531804
531806
531808
531810
531812
531814
531834
531835
531837
531838
531840
531841
531843
531844
531846
531848
531850
531852
531854
531855
531857
531858
531860
531861
531863
531864
531866
531868
531870
531872
531874
531875
531877
531878
531880
531881
531883
531884
531886
531888
531890
531892
531894
531896
531898
531900
531902
531904
531912
531914
532008
532010
532012
532014
532016
532017
532019
532020
532022
532023
532025
532026
532028
532029
532031
532032
532040
532041
532043
532044
532048
532049
532051
532052
532054
532055
532057
532058
532060
532061
532063
532064
532066
532067
532069
532070
532080
532082
532084
532086
532088
532090
532092
532094
532106
532108
532110
532112
532114
532115
532117
532118
532120
532121
532126
532128
532130
532134
532136
532138
532142
532144
532146
532148
532150
532154
532156
532158
532160
532162
532166
532168
532170
532172
532174
532176
532178
532182
532184
532186
532188
532190
532192
532194
532198
532200
532202
532204
532206
532208
532210
532252
532253
532255
532256
532258
532259
532264
532266
532268
532292
532294
532296
532414
532415
532417
532418
532420
532421
532423
532424
532426
532427
532446
532447
532449
532450
532452
532453
532455
532456
532458
532459
532478
532480
532482
532484
532486
534468
534469
534471
534472
534474
534475
534477
534478
534480
534481
534483
534484
534490
534492
534494
534496
534498
534500
534506
534508
534510
534512
534514
534516
534522
534524
534526
534528
534530
534532
534546
534548
534550
534552
534554
534556
534560
534562
534564
534566
534568
534570
534580
534581
534583
534584
534586
534588
534590
534591
534593
534594
534596
534597
534599
534600
534602
534603
534605
534606
534608
534610
534612
534614
534616
534618
534620
534621
534623
534624
534626
534628
534630
534632
534634
534636
534638
534640
534642
534644
534646
534648
534650
534652
534654
534656
534658
534660
534662
534664
534666
534668
534670
534672
534674
534676
534678
534680
534682
534684
534686
534688
534690
534692
534702
534704
534706
534708
534710
534712
534714
534716
534718
534720
534722
534724
534726
534728
534730
534732
534744
534745
534747
534748
534750
534751
534753
534754
534756
534757
534762
534764
534766
534768
534770
534772
534774
534778
534780
534782
534784
534786
534788
534790
534794
534796
534798
534800
534802
534804
534806
534818
534820
534822
534824
534826
534828
534830
534836
534838
534840
534842
534844
534866
534867
534869
534870
534872
534873
534875
534876
534878
534879
534884
534886
534888
534890
534892
534906
534908
534910
534912
534914
534922
534924
534926
534928
534930
534938
534940
534942
534944
534946
534954
534956
534958
534960
534962
534978
534980
534982
534984
534986
534994
534996
534998
535000
535002
537006
537007
537009
537010
537016
537018
537156
537157
537159
537160
537162
537163
537165
537166
537168
537169
537171
537172
537178
537180
537182
537184
537186
537188
537192
537194
537196
537198
537200
537202
537204
537206
537208
537210
537212
537214
537218
537220
537222
537224
537226
537228
537230
537232
537234
537236
537238
537240
537246
537248
537250
537252
537254
537256
537276
537277
537279
537280
537282
537284
537400
537402
537404
537405
537407
537408
537410
537412
537414
537416
537548
537549
537551
537552
537554
537555
537557
537558
537560
537561
537563
537564
537566
537567
537572
537574
537576
537578
537580
537582
537584
537590
537592
537594
537596
537598
537602
537604
537606
537608
537610
537616
537618
537620
537624
537626
537628
537632
537634
537636
537640
537642
537644
537646
537648
537650
537652
592026
592027
592028
592029
592030
592031
592343
592344
592345
592346
592901
592902
592903
592904
601992
601993
601994
601995
602730
602731
602732
602733
602734
602735
608990
608991
608992
608993
609361
609362
609363
609364
615924
615925
615926
615927
