527456
527457
527459
527460
527466
527468
527542
527543
527545
527546
527736
527737
527739
527740
527742
527743
527745
527746
527748
527749
527751
527752
527756
527758
527760
527762
527764
527766
527768
527770
527772
527774
527776
527778
527782
527784
527786
527788
527790
527792
527794
527796
527798
527800
527802
527804
527806
527808
527810
527812
527814
527816
527818
527820
527822
527824
527826
527828
527834
527836
527838
527840
527842
527844
527856
527857
527859
527860
527862
527864
527866
527867
527869
527870
527872
527873
527875
527876
527878
527879
527881
527882
527884
527886
527888
527890
527892
527894
527896
527897
527899
527900
527902
527904
527906
527907
527909
527910
527912
527913
527915
527916
527918
527919
527921
527922
527924
527925
527927
527928
527930
527932
527934
527936
527938
527940
527942
527944
527954
527956
527958
527960
527962
527964
527966
527968
527972
527974
527976
527978
527980
527982
527984
527986
527988
527990
527992
527994
528012
528014
528016
528017
528019
528020
528022
528024
528026
528028
528102
528103
528105
528106
528160
528162
528164
528166
528290
528291
528293
528294
528296
528297
528299
528300
528302
528303
528305
528306
528308
528309
528316
528318
528320
528322
528324
528328
528330
528332
528334
528336
528342
528344
528346
528350
528352
528354
528358
528360
528362
528366
528368
528370
528372
528374
528378
528380
528382
528384
528386
528390
528392
528394
528396
528398
528400
528402
528426
528427
528429
528430
528432
528433
528435
528436
528438
528439
528444
528446
528448
528450
528452
528466
528467
528469
528470
528472
528473
528475
528476
528478
528479
528490
528492
528494
528496
528498
528514
528516
528518
528520
528522
528532
528534
528536
528544
528546
528548
537006
537007
537009
537010
537016
537018
537050
537052
537054
537056
537156
537157
537159
537160
537162
537163
537165
537166
537168
537169
537171
537172
537178
537180
537182
537184
537186
537188
537192
537194
537196
537198
537200
537202
537204
537206
537208
537210
537212
537214
537218
537220
537222
537224
537226
537228
537230
537232
537234
537236
537238
537240
537246
537248
537250
537252
537254
537256
537276
537277
537279
537280
537282
537284
537286
537288
537290
537291
537293
537294
537296
537297
537299
537300
537302
537304
537306
537308
537310
537312
537314
537315
537317
537318
537320
537322
537324
537325
537327
537328
537330
537331
537333
537334
537336
537337
537339
537340
537342
537343
537345
537346
537356
537358
537360
537362
537364
537366
537374
537376
537378
537380
537382
537384
537386
537388
537400
537402
537404
537405
537407
537408
537410
537412
537414
537416
537448
537450
537452
537454
537548
537549
537551
537552
537554
537555
537557
537558
537560
537561
537563
537564
537566
537567
537572
537574
537576
537578
537580
537582
537584
537590
537592
537594
537596
537598
537602
537604
537606
537608
537610
537616
537618
537620
537624
537626
537628
537632
537634
537636
537640
537642
537644
537646
537648
537650
537652
537684
537686
537688
537689
537691
537692
537694
537695
537700
537702
537704
537706
537708
537722
537723
537725
537726
537728
537729
537731
537732
537734
537735
537754
537756
537758
537772
537774
537776
537778
537780
592026
592027
592028
592029
592030
592031
592343
592344
592345
592346
615924
615925
615926
615927
616427
616428
616429
616430
616431
616432
