527466
527468
527534
527536
527538
527540
527798
527800
527802
527804
527806
527808
527810
527812
527814
527816
527818
527820
527822
527824
527826
527828
528022
528024
528026
528028
528070
528072
528074
528076
528078
528080
528082
528084
528086
528088
528090
528092
528094
528096
528098
528100
528160
528162
528164
528166
528168
528169
528171
528172
528174
528175
528177
528178
528180
528181
528183
528184
528186
528188
528190
528192
528194
528196
528198
528199
528201
528202
528204
528206
528208
528210
528212
528214
528216
528218
528220
528222
528224
528226
528228
528230
528232
528234
528236
528238
528248
528250
528252
528254
528256
528258
528260
528262
528264
528266
528268
528270
528272
528274
528276
528278
528358
528360
528362
528366
528368
528370
528372
528374
528378
528380
528382
528384
528386
528630
528632
528634
528642
528644
528646
528728
528729
528731
528732
528734
528735
528737
528738
528740
528741
528746
528748
528750
528752
528754
528768
528770
528772
528774
528776
528784
528786
528788
528790
528792
528808
528810
528812
528814
528816
528824
528826
528828
528830
528832
531442
531443
531445
531446
531452
531454
531712
531714
531716
531717
531719
531720
531722
531723
531725
531726
531728
531730
531732
531734
531736
531738
531740
531742
531744
531746
531748
531750
531752
531754
531756
531758
531760
531762
531764
531766
531772
531774
531776
531778
531780
531782
531788
531790
531792
531794
531796
531798
531804
531806
531808
531810
531812
531814
531834
531835
531837
531838
531840
531841
531843
531844
531846
531848
531850
531852
532008
532010
532012
532014
532106
532108
532110
532112
532114
532115
532117
532118
532120
532121
532126
532128
532130
532134
532136
532138
532142
532144
532146
532148
532150
532154
532156
532158
532160
532162
532166
532168
532170
532172
532174
532176
532178
532182
532184
532186
532188
532190
532192
532194
532198
532200
532202
532204
532206
532208
532210
592901
592902
592903
592904
601992
601993
601994
601995
