668743
667901
668740
668739
668738
668737
668736
587406
587467
587466
668733
668732
668731
668730
668729
668694
668693
668692
668691
668690
587584
587639
587962
587961
668688
668687
668686
668685
668684
668683
668682
668681
588113
588168
588167
588451
588450
668680
668645
668644
668643
668642
668641
668640
668639
588554
588609
588884
589359
589672
589671
589955
590230
590705
591018
591017
591301
591576
592051
592364
592363
592647
592922
593397
593710
593709
593993
594268
594743
595056
595055
595339
595614
596089
596402
596401
596685
596960
597435
597434
597660
597659
597811
597810
598010
598009
668638
668637
668636
668635
668633
668632
668631
668596
668595
598369
598424
598423
668593
668592
668591
668590
668589
668588
668587
668586
668585
668584
598599
598654
598653
598973
668583
599116
599177
599602
599601
599911
599910
600230
600653
600652
600962
600961
601281
601704
601703
602013
602012
602332
602755
602754
603064
603063
603383
603806
603805
604115
604114
604434
604857
604856
605166
605165
605485
605908
605907
606217
606216
606392
606703
606702
668543
668542
668541
668540
668539
668538
668537
668536
606952
607007
668498
668497
668496
668495
668494
668493
668492
668491
607138
607193
607192
607564
607563
607799
607798
608170
608169
608405
608404
608776
608775
609011
609010
609382
609381
609617
609616
609988
609987
610223
610222
610594
610593
610829
610828
611200
611199
611435
611718
611717
668490
668489
668488
668487
668486
668485
668484
668449
668448
668447
612077
612132
668444
668443
668440
668439
612303
612364
612901
612900
668438
668437
668436
668435
668400
668399
668398
668397
613054
613109
613108
613408
613407
613715
614222
614221
614523
614522
614830
615337
615336
615638
615637
615945
616452
616451
616753
616752
617060
617567
617566
617868
617867
618175
618682
618681
618983
618982
619290
619797
619796
620098
620097
620405
620772
620771
620925
620924
668396
668395
668394
668393
668392
668391
668390
668389
668388
668387
621226
621287
621286
668386
668351
668350
668349
668348
668347
668346
668345
621396
621463
621462
621734
621733
668344
668343
668342
668341
668340
668339
668338
668337
621882
621919
621918
622184
622183
668302
668301
668299
668298
668297
622266
622327
622326
622550
622549
622803
622802
623056
623055
623336
623335
623544
623543
623797
623796
624050
624049
624330
624329
624538
624537
624791
624790
625044
625043
625324
625323
625532
625531
625785
625784
626038
626037
626318
626317
626526
626525
626779
626778
627032
627031
627312
627311
627520
627519
627773
627772
628026
628025
628306
628305
628514
628513
628767
628766
628960
628959
629108
629107
629268
629267
668296
668295
667902
668293
668292
668291
668290
668289
629527
629594
668253
668252
668251
668250
668249
668248
668247
629783
629838
629837
630173
630172
668246
668245
668244
668243
668242
668241
668240
668239
630279
630343
630342
630614
630613
630837
630836
631178
631177
631443
631442
631666
631665
632007
632006
632272
632271
632495
632494
632836
632835
633101
633100
633324
633323
633665
633664
633930
633929
634153
634152
634494
634493
634759
634758
634982
634981
635323
635322
635588
635587
635811
636000
635999
636205
668203
668202
668200
668199
636606
636667
636666
668198
668197
668196
668195
668194
668193
668192
668191
636772
636827
637102
637469
637746
638113
638390
638757
639034
639401
639678
640045
640322
640689
640966
641333
641332
641534
641533
668155
668154
668153
668152
668151
668150
668149
668148
641781
641836
668145
668144
668143
668142
668141
668106
668105
668104
668103
641967
642022
642021
642393
642392
642628
642627
642999
642998
643234
643233
643605
643604
643840
643839
644211
644210
644446
644445
644817
644816
645052
645051
645423
645422
645658
645657
646029
646028
646264
646547
646546
668102
668101
668100
668099
668098
668097
646752
646816
646815
668096
668095
668094
668093
668092
668057
668056
668055
646970
647025
647024
647296
647295
647474
647473
647748
647747
647926
647925
648200
648199
648378
648377
648652
648651
648830
648829
649104
649103
649282
649281
649556
649555
649734
649733
650008
650007
650186
650185
650340
650339
668054
668053
668052
668051
668050
668049
668048
668047
668046
668045
650699
650754
650753
668043
668008
668007
668006
668005
668004
668003
668002
650905
650960
650959
651231
667999
667998
651374
651435
651860
651859
652169
652168
652440
652863
652862
653172
653171
653443
653866
653865
654175
654174
654446
654869
654868
655178
655177
655449
655872
655871
656181
656180
656452
656875
656874
657184
657183
657455
657878
657877
658187
658186
658338
658649
667959
667958
667956
659046
659107
659106
667955
667954
667953
667952
667951
667950
667949
667948
659212
659267
659542
659909
660186
660553
660830
661197
661474
661841
662118
662485
662762
663129
663406
663773
663772
663974
663973
667947
667946
667945
667910
667909
667908
664173
664228
664227
664427
664426
664626
664625
664825
664824
665024
665023
665223
665222
665422
665421
665621
665676
665731
665786
665841
665896
665951
666006
666061
666116
666171
666226
666281
666336
666391
666446
666501
666556
666611
666666
666721
666776
666831
666886
666941
666996
667051
667106
667161
667216
667271
667323
667372
667421
667470
667519
667568
667617
667666
667715
667764
667813
667862
667911
667960
668009
668058
668107
668156
668205
668254
668303
668352
668401
668450
668499
668548
668597
668646
668695
668744
668742
668741
668735
668734
587387
587388
587389
587390
587391
587392
587393
587394
587395
587396
587397
587398
587399
587400
587401
587402
587403
587404
587405
587448
587449
587450
587451
587452
587453
587454
587455
587456
587457
587458
587459
587460
587461
587462
587463
587464
587465
587567
587568
587569
587570
587571
668689
587573
587574
587575
587576
587577
587578
587579
679898
587581
587582
587583
587622
587623
587624
587625
587626
587627
587628
587629
587630
587631
587632
587633
587634
587635
587636
587637
587638
587945
587946
587947
587948
587949
587950
587951
587952
587953
587954
587955
587956
587957
587958
587959
587960
588096
588097
588098
588099
588100
588101
588102
588103
588104
588105
588106
588107
588108
588109
588110
588111
588112
588151
588152
588153
588154
588155
588156
588157
588158
588159
588160
588161
588162
588163
588164
588165
588166
588434
588435
588436
588437
588438
588439
588440
588441
588442
588443
588444
588445
588446
588447
588448
588449
588537
588538
588539
588540
588541
588542
588543
588544
588545
588546
588547
588548
588549
588550
588551
588552
588553
588592
588593
588594
588595
588596
588597
588598
588599
588600
588601
588602
588603
588604
588605
588606
588607
588608
588867
588868
588869
588870
588871
588872
588873
588874
588875
588876
588877
588878
588879
588880
588881
588882
588883
589340
589341
589342
589343
589344
589345
589346
589347
589348
589349
589350
589351
589352
589353
589354
589355
589356
589357
589358
589655
589656
589657
589658
589659
589660
589661
589662
589663
589664
589665
589666
589667
589668
589669
589670
589938
589939
589940
589941
589942
589943
589944
589945
589946
589947
589948
589949
589950
589951
589952
589953
589954
590213
590214
590215
590216
590217
590218
590219
590220
590221
590222
590223
590224
590225
590226
590227
590228
590229
590686
590687
590688
590689
590690
590691
590692
590693
590694
590695
590696
590697
590698
590699
590700
590701
590702
590703
590704
591001
591002
591003
591004
591005
591006
591007
591008
591009
591010
591011
591012
591013
591014
591015
591016
591284
591285
591286
591287
591288
591289
591290
591291
591292
591293
591294
591295
591296
591297
591298
591299
591300
591559
591560
591561
591562
591563
591564
591565
591566
591567
591568
591569
591570
591571
591572
591573
591574
591575
592032
592033
592034
592035
592036
592037
592038
592039
592040
592041
592042
592043
592044
592045
592046
592047
592048
592049
592050
592347
592348
592349
592350
592351
592352
592353
592354
592355
592356
592357
592358
592359
592360
592361
592362
592630
592631
592632
592633
592634
592635
592636
592637
592638
592639
592640
592641
592642
592643
592644
592645
592646
592905
592906
592907
592908
592909
592910
592911
592912
592913
592914
592915
592916
592917
592918
592919
592920
592921
593378
593379
593380
593381
593382
593383
593384
593385
593386
593387
593388
593389
593390
593391
593392
593393
593394
593395
593396
593693
593694
593695
593696
593697
593698
593699
593700
593701
593702
593703
593704
593705
593706
593707
593708
593976
593977
593978
593979
593980
593981
593982
593983
593984
593985
593986
593987
593988
593989
593990
593991
593992
594251
594252
594253
594254
594255
594256
594257
594258
594259
594260
594261
594262
594263
594264
594265
594266
594267
594724
594725
594726
594727
594728
594729
594730
594731
594732
594733
594734
594735
594736
594737
594738
594739
594740
594741
594742
595039
595040
595041
595042
595043
595044
595045
595046
595047
595048
595049
595050
595051
595052
595053
595054
595322
595323
595324
595325
595326
595327
595328
595329
595330
595331
595332
595333
595334
595335
595336
595337
595338
595597
595598
595599
595600
595601
595602
595603
595604
595605
595606
595607
595608
595609
595610
595611
595612
595613
596070
596071
596072
596073
596074
596075
596076
596077
596078
596079
596080
596081
596082
596083
596084
596085
596086
596087
596088
596385
596386
596387
596388
596389
596390
596391
596392
596393
596394
596395
596396
596397
596398
596399
596400
596668
596669
596670
596671
596672
596673
596674
596675
596676
596677
596678
596679
596680
596681
596682
596683
596684
596943
596944
596945
596946
596947
596948
596949
596950
596951
596952
596953
596954
596955
596956
596957
596958
596959
597416
597417
597418
597419
597420
597421
597422
597423
597424
597425
597426
597427
597428
597429
597430
597431
597432
597433
597643
597644
597645
597646
597647
597648
597649
597650
597651
597652
597653
597654
597655
597656
597657
597658
597794
597795
597796
597797
597798
597799
597800
597801
597802
597803
597804
597805
597806
597807
597808
597809
597993
597994
597995
597996
597997
597998
597999
598000
598001
598002
598003
598004
598005
598006
598007
598008
668634
598352
598353
598354
598355
598356
598357
598358
598359
668594
598361
598362
598363
598364
679901
598366
598367
598368
598407
598408
598409
598410
598411
598412
598413
598414
598415
598416
598417
598418
598419
598420
598421
598422
598582
598583
598584
598585
598586
598587
598588
598589
598590
598591
598592
598593
598594
598595
598596
598597
598598
598637
598638
598639
598640
598641
598642
598643
598644
598645
598646
598647
598648
598649
598650
598651
598652
598956
598957
598958
598959
598960
598961
598962
598963
598964
598965
598966
598967
598968
598969
598970
598971
598972
668582
668547
668546
668545
668544
599097
599098
599099
599100
599101
599102
599103
599104
599105
599106
599107
599108
599109
599110
599111
599112
599113
599114
599115
599158
599159
599160
599161
599162
599163
599164
599165
599166
599167
599168
599169
599170
599171
599172
599173
599174
599175
599176
599583
599584
599585
599586
599587
599588
599589
599590
599591
599592
599593
599594
599595
599596
599597
599598
599599
599600
599894
599895
599896
599897
599898
599899
599900
599901
599902
599903
599904
599905
599906
599907
599908
599909
600213
600214
600215
600216
600217
600218
600219
600220
600221
600222
600223
600224
600225
600226
600227
600228
600229
600634
600635
600636
600637
600638
600639
600640
600641
600642
600643
600644
600645
600646
600647
600648
600649
600650
600651
600945
600946
600947
600948
600949
600950
600951
600952
600953
600954
600955
600956
600957
600958
600959
600960
601264
601265
601266
601267
601268
601269
601270
601271
601272
601273
601274
601275
601276
601277
601278
601279
601280
601685
601686
601687
601688
601689
601690
601691
601692
601693
601694
601695
601696
601697
601698
601699
601700
601701
601702
601996
601997
601998
601999
602000
602001
602002
602003
602004
602005
602006
602007
602008
602009
602010
602011
602315
602316
602317
602318
602319
602320
602321
602322
602323
602324
602325
602326
602327
602328
602329
602330
602331
602736
602737
602738
602739
602740
602741
602742
602743
602744
602745
602746
602747
602748
602749
602750
602751
602752
602753
603047
603048
603049
603050
603051
603052
603053
603054
603055
603056
603057
603058
603059
603060
603061
603062
603366
603367
603368
603369
603370
603371
603372
603373
603374
603375
603376
603377
603378
603379
603380
603381
603382
603787
603788
603789
603790
603791
603792
603793
603794
603795
603796
603797
603798
603799
603800
603801
603802
603803
603804
604098
604099
604100
604101
604102
604103
604104
604105
604106
604107
604108
604109
604110
604111
604112
604113
604417
604418
604419
604420
604421
604422
604423
604424
604425
604426
604427
604428
604429
604430
604431
604432
604433
604838
604839
604840
604841
604842
604843
604844
604845
604846
604847
604848
604849
604850
604851
604852
604853
604854
604855
605149
605150
605151
605152
605153
605154
605155
605156
605157
605158
605159
605160
605161
605162
605163
605164
605468
605469
605470
605471
605472
605473
605474
605475
605476
605477
605478
605479
605480
605481
605482
605483
605484
605889
605890
605891
605892
605893
605894
605895
605896
605897
605898
605899
605900
605901
605902
605903
605904
605905
605906
606200
606201
606202
606203
606204
606205
606206
606207
606208
606209
606210
606211
606212
606213
606214
606215
606375
606376
606377
606378
606379
606380
606381
606382
606383
606384
606385
606386
606387
606388
606389
606390
606391
606684
606685
606686
606687
606688
606689
606690
606691
606692
606693
606694
606695
606696
606697
606698
606699
606700
606701
606935
606936
606937
606938
606939
606940
679904
668535
606943
606944
606945
606946
606947
606948
606949
606950
606951
606990
606991
606992
606993
606994
606995
606996
606997
606998
606999
607000
607001
607002
607003
607004
607005
607006
668534
668533
607121
607122
607123
607124
607125
607126
607127
607128
607129
607130
607131
607132
607133
607134
607135
607136
607137
607176
607177
607178
607179
607180
607181
607182
607183
607184
607185
607186
607187
607188
607189
607190
607191
607547
607548
607549
607550
607551
607552
607553
607554
607555
607556
607557
607558
607559
607560
607561
607562
607782
607783
607784
607785
607786
607787
607788
607789
607790
607791
607792
607793
607794
607795
607796
607797
608153
608154
608155
608156
608157
608158
608159
608160
608161
608162
608163
608164
608165
608166
608167
608168
608388
608389
608390
608391
608392
608393
608394
608395
608396
608397
608398
608399
608400
608401
608402
608403
608759
608760
608761
608762
608763
608764
608765
608766
608767
608768
608769
608770
608771
608772
608773
608774
608994
608995
608996
608997
608998
608999
609000
609001
609002
609003
609004
609005
609006
609007
609008
609009
609365
609366
609367
609368
609369
609370
609371
609372
609373
609374
609375
609376
609377
609378
609379
609380
609600
609601
609602
609603
609604
609605
609606
609607
609608
609609
609610
609611
609612
609613
609614
609615
609971
609972
609973
609974
609975
609976
609977
609978
609979
609980
609981
609982
609983
609984
609985
609986
610206
610207
610208
610209
610210
610211
610212
610213
610214
610215
610216
610217
610218
610219
610220
610221
610577
610578
610579
610580
610581
610582
610583
610584
610585
610586
610587
610588
610589
610590
610591
610592
610812
610813
610814
610815
610816
610817
610818
610819
610820
610821
610822
610823
610824
610825
610826
610827
611183
611184
611185
611186
611187
611188
611189
611190
611191
611192
611193
611194
611195
611196
611197
611198
611418
611419
611420
611421
611422
611423
611424
611425
611426
611427
611428
611429
611430
611431
611432
611433
611434
611701
611702
611703
611704
611705
611706
611707
611708
611709
611710
611711
611712
611713
611714
611715
611716
612060
612061
612062
612063
612064
612065
612066
612067
612068
612069
612070
612071
612072
612073
612074
612075
612076
612115
612116
612117
612118
612119
612120
612121
612122
612123
612124
612125
612126
612127
612128
612129
612130
612131
668446
668445
668442
668441
612284
612285
612286
612287
612288
612289
612290
612291
612292
612293
612294
612295
612296
612297
612298
612299
612300
612301
612302
612345
612346
612347
612348
612349
612350
612351
612352
612353
612354
612355
612356
612357
612358
612359
612360
612361
612362
612363
612882
612883
612884
612885
612886
612887
612888
612889
612890
612891
612892
612893
612894
612895
612896
612897
612898
612899
613037
613038
613039
613040
613041
613042
613043
613044
613045
613046
613047
613048
613049
613050
613051
613052
613053
613092
613093
613094
613095
613096
613097
613098
613099
613100
613101
613102
613103
613104
613105
613106
613107
613391
613392
613393
613394
613395
613396
613397
613398
613399
613400
613401
613402
613403
613404
613405
613406
613698
613699
613700
613701
613702
613703
613704
613705
613706
613707
613708
613709
613710
613711
613712
613713
613714
614203
614204
614205
614206
614207
614208
614209
614210
614211
614212
614213
614214
614215
614216
614217
614218
614219
614220
614506
614507
614508
614509
614510
614511
614512
614513
614514
614515
614516
614517
614518
614519
614520
614521
614813
614814
614815
614816
614817
614818
614819
614820
614821
614822
614823
614824
614825
614826
614827
614828
614829
615318
615319
615320
615321
615322
615323
615324
615325
615326
615327
615328
615329
615330
615331
615332
615333
615334
615335
615621
615622
615623
615624
615625
615626
615627
615628
615629
615630
615631
615632
615633
615634
615635
615636
615928
615929
615930
615931
615932
615933
615934
615935
615936
615937
615938
615939
615940
615941
615942
615943
615944
616433
616434
616435
616436
616437
616438
616439
616440
616441
616442
616443
616444
616445
616446
616447
616448
616449
616450
616736
616737
616738
616739
616740
616741
616742
616743
616744
616745
616746
616747
616748
616749
616750
616751
617043
617044
617045
617046
617047
617048
617049
617050
617051
617052
617053
617054
617055
617056
617057
617058
617059
617548
617549
617550
617551
617552
617553
617554
617555
617556
617557
617558
617559
617560
617561
617562
617563
617564
617565
617851
617852
617853
617854
617855
617856
617857
617858
617859
617860
617861
617862
617863
617864
617865
617866
618158
618159
618160
618161
618162
618163
618164
618165
618166
618167
618168
618169
618170
618171
618172
618173
618174
618663
618664
618665
618666
618667
618668
618669
618670
618671
618672
618673
618674
618675
618676
618677
618678
618679
618680
618966
618967
618968
618969
618970
618971
618972
618973
618974
618975
618976
618977
618978
618979
618980
618981
619273
619274
619275
619276
619277
619278
619279
619280
619281
619282
619283
619284
619285
619286
619287
619288
619289
619778
619779
619780
619781
619782
619783
619784
619785
619786
619787
619788
619789
619790
619791
619792
619793
619794
619795
620081
620082
620083
620084
620085
620086
620087
620088
620089
620090
620091
620092
620093
620094
620095
620096
620388
620389
620390
620391
620392
620393
620394
620395
620396
620397
620398
620399
620400
620401
620402
620403
620404
620753
620754
620755
620756
620757
620758
620759
620760
620761
620762
620763
620764
620765
620766
620767
620768
620769
620770
620908
620909
620910
620911
620912
620913
620914
620915
620916
620917
620918
620919
620920
620921
620922
620923
621205
621206
621207
621208
621209
621210
621211
621212
621213
621214
621215
621216
621217
621218
621219
621220
621221
621222
621223
621224
621225
621270
621271
621272
621273
621274
621275
621276
621277
621278
621279
621280
621281
621282
621283
621284
621285
621375
621376
621377
621378
621379
621380
621381
621382
621383
621384
621385
621386
621387
621388
621389
621390
621391
621392
621393
621394
621395
621442
621443
621444
621445
621446
621447
621448
621449
621450
621451
621452
621453
621454
621455
621456
621457
621458
621459
621460
621461
621713
621714
621715
621716
621717
621718
621719
621720
621721
621722
621723
621724
621725
621726
621727
621728
621729
621730
621731
621732
621871
621872
621873
621874
621875
621876
621877
621878
621879
621880
621881
621908
621909
621910
621911
621912
621913
621914
621915
621916
621917
622173
622174
622175
622176
622177
622178
622179
622180
622181
622182
622249
622250
622251
622252
622253
622254
622255
622256
622257
622258
622259
622260
622261
622262
622263
622264
622265
622306
622307
622308
622309
622310
622311
622312
622313
622314
622315
622316
622317
622318
622319
622320
622321
622322
622323
622324
622325
622529
622530
622531
622532
622533
622534
622535
622536
622537
622538
622539
622540
622541
622542
622543
622544
622545
622546
622547
622548
622786
622787
622788
622789
622790
622791
622792
622793
622794
622795
622796
622797
622798
622799
622800
622801
623035
623036
623037
623038
623039
623040
623041
623042
623043
623044
623045
623046
623047
623048
623049
623050
623051
623052
623053
623054
623325
623326
623327
623328
623329
623330
623331
623332
623333
623334
623523
623524
623525
623526
623527
623528
623529
623530
623531
623532
623533
623534
623535
623536
623537
623538
623539
623540
623541
623542
623780
623781
623782
623783
623784
623785
623786
623787
623788
623789
623790
623791
623792
623793
623794
623795
624029
624030
624031
624032
624033
624034
624035
624036
624037
624038
624039
624040
624041
624042
624043
624044
624045
624046
624047
624048
624319
624320
624321
624322
624323
624324
624325
624326
624327
624328
624517
624518
624519
624520
624521
624522
624523
624524
624525
624526
624527
624528
624529
624530
624531
624532
624533
624534
624535
624536
624774
624775
624776
624777
624778
624779
624780
624781
624782
624783
624784
624785
624786
624787
624788
624789
625023
625024
625025
625026
625027
625028
625029
625030
625031
625032
625033
625034
625035
625036
625037
625038
625039
625040
625041
625042
625313
625314
625315
625316
625317
625318
625319
625320
625321
625322
625511
625512
625513
625514
625515
625516
625517
625518
625519
625520
625521
625522
625523
625524
625525
625526
625527
625528
625529
625530
625768
625769
625770
625771
625772
625773
625774
625775
625776
625777
625778
625779
625780
625781
625782
625783
626017
626018
626019
626020
626021
626022
626023
626024
626025
626026
626027
626028
626029
626030
626031
626032
626033
626034
626035
626036
626307
626308
626309
626310
626311
626312
626313
626314
626315
626316
626505
626506
626507
626508
626509
626510
626511
626512
626513
626514
626515
626516
626517
626518
626519
626520
626521
626522
626523
626524
626762
626763
626764
626765
626766
626767
626768
626769
626770
626771
626772
626773
626774
626775
626776
626777
627011
627012
627013
627014
627015
627016
627017
627018
627019
627020
627021
627022
627023
627024
627025
627026
627027
627028
627029
627030
627301
627302
627303
627304
627305
627306
627307
627308
627309
627310
627499
627500
627501
627502
627503
627504
627505
627506
627507
627508
627509
627510
627511
627512
627513
627514
627515
627516
627517
627518
627756
627757
627758
627759
627760
627761
627762
627763
627764
627765
627766
627767
627768
627769
627770
627771
628005
628006
628007
628008
628009
628010
628011
628012
628013
628014
628015
628016
628017
628018
628019
628020
628021
628022
628023
628024
628295
628296
628297
628298
628299
628300
628301
628302
628303
628304
628493
628494
628495
628496
628497
628498
628499
628500
628501
628502
628503
628504
628505
628506
628507
628508
628509
628510
628511
628512
628750
628751
628752
628753
628754
628755
628756
628757
628758
628759
628760
628761
628762
628763
628764
628765
628939
628940
628941
628942
628943
628944
628945
628946
628947
628948
628949
628950
628951
628952
628953
628954
628955
628956
628957
628958
629097
629098
629099
629100
629101
629102
629103
629104
629105
629106
629247
629248
629249
629250
629251
629252
629253
629254
629255
629256
629257
629258
629259
629260
629261
629262
629263
629264
629265
629266
629506
629507
629508
629509
629510
629511
629512
629513
629514
629515
629516
629517
629518
629519
629520
629521
629522
629523
629524
629525
629526
629573
629574
629575
629576
629577
629578
629579
629580
629581
629582
629583
629584
629585
629586
629587
629588
629589
629590
629591
629592
629593
668288
629766
629767
629768
629769
629770
629771
629772
629773
629774
629775
629776
629777
629778
629779
629780
629781
629782
629821
629822
629823
629824
629825
629826
629827
629828
629829
629830
629831
629832
629833
629834
629835
629836
630156
630157
630158
630159
630160
630161
630162
630163
630164
630165
630166
630167
630168
630169
630170
630171
630260
630261
630262
630263
630264
630265
630266
630267
630268
630269
630270
630271
630272
630273
630274
630275
630276
630277
630278
630322
630323
630324
630325
630326
630327
630328
630329
630330
630331
630332
630333
630334
630335
630336
630337
630338
630339
630340
630341
630593
630594
630595
630596
630597
630598
630599
630600
630601
630602
630603
630604
630605
630606
630607
630608
630609
630610
630611
630612
630816
630817
630818
630819
630820
630821
630822
630823
630824
630825
630826
630827
630828
630829
630830
630831
630832
630833
630834
630835
631161
631162
631163
631164
631165
631166
631167
631168
631169
631170
631171
631172
631173
631174
631175
631176
631422
631423
631424
631425
631426
631427
631428
631429
631430
631431
631432
631433
631434
631435
631436
631437
631438
631439
631440
631441
631645
631646
631647
631648
631649
631650
631651
631652
631653
631654
631655
631656
631657
631658
631659
631660
631661
631662
631663
631664
631990
631991
631992
631993
631994
631995
631996
631997
631998
631999
632000
632001
632002
632003
632004
632005
632251
632252
632253
632254
632255
632256
632257
632258
632259
632260
632261
632262
632263
632264
632265
632266
632267
632268
632269
632270
632474
632475
632476
632477
632478
632479
632480
632481
632482
632483
632484
632485
632486
632487
632488
632489
632490
632491
632492
632493
632819
632820
632821
632822
632823
632824
632825
632826
632827
632828
632829
632830
632831
632832
632833
632834
633080
633081
633082
633083
633084
633085
633086
633087
633088
633089
633090
633091
633092
633093
633094
633095
633096
633097
633098
633099
633303
633304
633305
633306
633307
633308
633309
633310
633311
633312
633313
633314
633315
633316
633317
633318
633319
633320
633321
633322
633648
633649
633650
633651
633652
633653
633654
633655
633656
633657
633658
633659
633660
633661
633662
633663
633909
633910
633911
633912
633913
633914
633915
633916
633917
633918
633919
633920
633921
633922
633923
633924
633925
633926
633927
633928
634132
634133
634134
634135
634136
634137
634138
634139
634140
634141
634142
634143
634144
634145
634146
634147
634148
634149
634150
634151
634477
634478
634479
634480
634481
634482
634483
634484
634485
634486
634487
634488
634489
634490
634491
634492
634738
634739
634740
634741
634742
634743
634744
634745
634746
634747
634748
634749
634750
634751
634752
634753
634754
634755
634756
634757
634961
634962
634963
634964
634965
634966
634967
634968
634969
634970
634971
634972
634973
634974
634975
634976
634977
634978
634979
634980
635306
635307
635308
635309
635310
635311
635312
635313
635314
635315
635316
635317
635318
635319
635320
635321
635567
635568
635569
635570
635571
635572
635573
635574
635575
635576
635577
635578
635579
635580
635581
635582
635583
635584
635585
635586
635790
635791
635792
635793
635794
635795
635796
635797
635798
635799
635800
635801
635802
635803
635804
635805
635806
635807
635808
635809
635810
635983
635984
635985
635986
635987
635988
635989
635990
635991
635992
635993
635994
635995
635996
635997
635998
636184
636185
636186
636187
636188
636189
636190
636191
636192
636193
636194
636195
636196
636197
636198
636199
636200
636201
636202
636203
636204
668204
668201
636587
636588
636589
636590
636591
636592
636593
636594
636595
636596
636597
636598
636599
636600
636601
636602
636603
636604
636605
636648
636649
636650
636651
636652
636653
636654
636655
636656
636657
636658
636659
636660
636661
636662
636663
636664
636665
636755
636756
636757
668190
636759
636760
636761
636762
679907
636764
636765
636766
636767
636768
636769
636770
636771
636810
636811
636812
636813
636814
636815
636816
636817
636818
636819
636820
636821
636822
636823
636824
636825
636826
637085
637086
637087
637088
637089
637090
637091
637092
637093
637094
637095
637096
637097
637098
637099
637100
637101
637450
637451
637452
637453
637454
637455
637456
637457
637458
637459
637460
637461
637462
637463
637464
637465
637466
637467
637468
637729
637730
637731
637732
637733
637734
637735
637736
637737
637738
637739
637740
637741
637742
637743
637744
637745
638094
638095
638096
638097
638098
638099
638100
638101
638102
638103
638104
638105
638106
638107
638108
638109
638110
638111
638112
638373
638374
638375
638376
638377
638378
638379
638380
638381
638382
638383
638384
638385
638386
638387
638388
638389
638738
638739
638740
638741
638742
638743
638744
638745
638746
638747
638748
638749
638750
638751
638752
638753
638754
638755
638756
639017
639018
639019
639020
639021
639022
639023
639024
639025
639026
639027
639028
639029
639030
639031
639032
639033
639382
639383
639384
639385
639386
639387
639388
639389
639390
639391
639392
639393
639394
639395
639396
639397
639398
639399
639400
639661
639662
639663
639664
639665
639666
639667
639668
639669
639670
639671
639672
639673
639674
639675
639676
639677
640026
640027
640028
640029
640030
640031
640032
640033
640034
640035
640036
640037
640038
640039
640040
640041
640042
640043
640044
640305
640306
640307
640308
640309
640310
640311
640312
640313
640314
640315
640316
640317
640318
640319
640320
640321
640670
640671
640672
640673
640674
640675
640676
640677
640678
640679
640680
640681
640682
640683
640684
640685
640686
640687
640688
640949
640950
640951
640952
640953
640954
640955
640956
640957
640958
640959
640960
640961
640962
640963
640964
640965
641314
641315
641316
641317
641318
641319
641320
641321
641322
641323
641324
641325
641326
641327
641328
641329
641330
641331
641517
641518
641519
641520
641521
641522
641523
641524
641525
641526
641527
641528
641529
641530
641531
641532
641764
641765
641766
641767
668147
641769
641770
641771
641772
641773
641774
641775
641776
679910
641778
641779
641780
641819
641820
641821
641822
641823
641824
641825
641826
641827
641828
641829
641830
641831
641832
641833
641834
641835
668146
641950
641951
641952
641953
641954
641955
641956
641957
641958
641959
641960
641961
641962
641963
641964
641965
641966
642005
642006
642007
642008
642009
642010
642011
642012
642013
642014
642015
642016
642017
642018
642019
642020
642376
642377
642378
642379
642380
642381
642382
642383
642384
642385
642386
642387
642388
642389
642390
642391
642611
642612
642613
642614
642615
642616
642617
642618
642619
642620
642621
642622
642623
642624
642625
642626
642982
642983
642984
642985
642986
642987
642988
642989
642990
642991
642992
642993
642994
642995
642996
642997
643217
643218
643219
643220
643221
643222
643223
643224
643225
643226
643227
643228
643229
643230
643231
643232
643588
643589
643590
643591
643592
643593
643594
643595
643596
643597
643598
643599
643600
643601
643602
643603
643823
643824
643825
643826
643827
643828
643829
643830
643831
643832
643833
643834
643835
643836
643837
643838
644194
644195
644196
644197
644198
644199
644200
644201
644202
644203
644204
644205
644206
644207
644208
644209
644429
644430
644431
644432
644433
644434
644435
644436
644437
644438
644439
644440
644441
644442
644443
644444
644800
644801
644802
644803
644804
644805
644806
644807
644808
644809
644810
644811
644812
644813
644814
644815
645035
645036
645037
645038
645039
645040
645041
645042
645043
645044
645045
645046
645047
645048
645049
645050
645406
645407
645408
645409
645410
645411
645412
645413
645414
645415
645416
645417
645418
645419
645420
645421
645641
645642
645643
645644
645645
645646
645647
645648
645649
645650
645651
645652
645653
645654
645655
645656
646012
646013
646014
646015
646016
646017
646018
646019
646020
646021
646022
646023
646024
646025
646026
646027
646247
646248
646249
646250
646251
646252
646253
646254
646255
646256
646257
646258
646259
646260
646261
646262
646263
646530
646531
646532
646533
646534
646535
646536
646537
646538
646539
646540
646541
646542
646543
646544
646545
646731
646732
646733
646734
646735
646736
646737
646738
646739
646740
646741
646742
646743
646744
646745
646746
646747
646748
646749
646750
646751
646797
646798
646799
646800
646801
646802
646803
646804
646805
646806
646807
646808
646809
646810
646811
646812
646813
646814
646953
646954
646955
646956
646957
646958
646959
646960
646961
646962
646963
646964
646965
646966
646967
646968
646969
647008
647009
647010
647011
647012
647013
647014
647015
647016
647017
647018
647019
647020
647021
647022
647023
647279
647280
647281
647282
647283
647284
647285
647286
647287
647288
647289
647290
647291
647292
647293
647294
647455
647456
647457
647458
647459
647460
647461
647462
647463
647464
647465
647466
647467
647468
647469
647470
647471
647472
647731
647732
647733
647734
647735
647736
647737
647738
647739
647740
647741
647742
647743
647744
647745
647746
647907
647908
647909
647910
647911
647912
647913
647914
647915
647916
647917
647918
647919
647920
647921
647922
647923
647924
648183
648184
648185
648186
648187
648188
648189
648190
648191
648192
648193
648194
648195
648196
648197
648198
648359
648360
648361
648362
648363
648364
648365
648366
648367
648368
648369
648370
648371
648372
648373
648374
648375
648376
648635
648636
648637
648638
648639
648640
648641
648642
648643
648644
648645
648646
648647
648648
648649
648650
648811
648812
648813
648814
648815
648816
648817
648818
648819
648820
648821
648822
648823
648824
648825
648826
648827
648828
649087
649088
649089
649090
649091
649092
649093
649094
649095
649096
649097
649098
649099
649100
649101
649102
649263
649264
649265
649266
649267
649268
649269
649270
649271
649272
649273
649274
649275
649276
649277
649278
649279
649280
649539
649540
649541
649542
649543
649544
649545
649546
649547
649548
649549
649550
649551
649552
649553
649554
649715
649716
649717
649718
649719
649720
649721
649722
649723
649724
649725
649726
649727
649728
649729
649730
649731
649732
649991
649992
649993
649994
649995
649996
649997
649998
649999
650000
650001
650002
650003
650004
650005
650006
650167
650168
650169
650170
650171
650172
650173
650174
650175
650176
650177
650178
650179
650180
650181
650182
650183
650184
650323
650324
650325
650326
650327
650328
650329
650330
650331
650332
650333
650334
650335
650336
650337
650338
650682
650683
679913
650685
650686
650687
650688
650689
650690
650691
650692
650693
650694
668044
650696
650697
650698
650737
650738
650739
650740
650741
650742
650743
650744
650745
650746
650747
650748
650749
650750
650751
650752
650888
650889
650890
650891
650892
650893
650894
650895
650896
650897
650898
650899
650900
650901
650902
650903
650904
650943
650944
650945
650946
650947
650948
650949
650950
650951
650952
650953
650954
650955
650956
650957
650958
651214
651215
651216
651217
651218
651219
651220
651221
651222
651223
651224
651225
651226
651227
651228
651229
651230
668001
668000
667997
667996
651355
651356
651357
651358
651359
651360
651361
651362
651363
651364
651365
651366
651367
651368
651369
651370
651371
651372
651373
651416
651417
651418
651419
651420
651421
651422
651423
651424
651425
651426
651427
651428
651429
651430
651431
651432
651433
651434
651841
651842
651843
651844
651845
651846
651847
651848
651849
651850
651851
651852
651853
651854
651855
651856
651857
651858
652152
652153
652154
652155
652156
652157
652158
652159
652160
652161
652162
652163
652164
652165
652166
652167
652423
652424
652425
652426
652427
652428
652429
652430
652431
652432
652433
652434
652435
652436
652437
652438
652439
652844
652845
652846
652847
652848
652849
652850
652851
652852
652853
652854
652855
652856
652857
652858
652859
652860
652861
653155
653156
653157
653158
653159
653160
653161
653162
653163
653164
653165
653166
653167
653168
653169
653170
653426
653427
653428
653429
653430
653431
653432
653433
653434
653435
653436
653437
653438
653439
653440
653441
653442
653847
653848
653849
653850
653851
653852
653853
653854
653855
653856
653857
653858
653859
653860
653861
653862
653863
653864
654158
654159
654160
654161
654162
654163
654164
654165
654166
654167
654168
654169
654170
654171
654172
654173
654429
654430
654431
654432
654433
654434
654435
654436
654437
654438
654439
654440
654441
654442
654443
654444
654445
654850
654851
654852
654853
654854
654855
654856
654857
654858
654859
654860
654861
654862
654863
654864
654865
654866
654867
655161
655162
655163
655164
655165
655166
655167
655168
655169
655170
655171
655172
655173
655174
655175
655176
655432
655433
655434
655435
655436
655437
655438
655439
655440
655441
655442
655443
655444
655445
655446
655447
655448
655853
655854
655855
655856
655857
655858
655859
655860
655861
655862
655863
655864
655865
655866
655867
655868
655869
655870
656164
656165
656166
656167
656168
656169
656170
656171
656172
656173
656174
656175
656176
656177
656178
656179
656435
656436
656437
656438
656439
656440
656441
656442
656443
656444
656445
656446
656447
656448
656449
656450
656451
656856
656857
656858
656859
656860
656861
656862
656863
656864
656865
656866
656867
656868
656869
656870
656871
656872
656873
657167
657168
657169
657170
657171
657172
657173
657174
657175
657176
657177
657178
657179
657180
657181
657182
657438
657439
657440
657441
657442
657443
657444
657445
657446
657447
657448
657449
657450
657451
657452
657453
657454
657859
657860
657861
657862
657863
657864
657865
657866
657867
657868
657869
657870
657871
657872
657873
657874
657875
657876
658170
658171
658172
658173
658174
658175
658176
658177
658178
658179
658180
658181
658182
658183
658184
658185
658321
658322
658323
658324
658325
658326
658327
658328
658329
658330
658331
658332
658333
658334
658335
658336
658337
658630
658631
658632
658633
658634
658635
658636
658637
658638
658639
658640
658641
658642
658643
658644
658645
658646
658647
658648
667995
667994
667957
659027
659028
659029
659030
659031
659032
659033
659034
659035
659036
659037
659038
659039
659040
659041
659042
659043
659044
659045
659088
659089
659090
659091
659092
659093
659094
659095
659096
659097
659098
659099
659100
659101
659102
659103
659104
659105
659195
659196
659197
659198
659199
659200
659201
659202
659203
659204
659205
659206
659207
659208
659209
659210
659211
659250
659251
659252
659253
659254
659255
659256
659257
659258
659259
659260
659261
659262
659263
659264
659265
659266
659525
659526
659527
659528
659529
659530
659531
659532
659533
659534
659535
659536
659537
659538
659539
659540
659541
659890
659891
659892
659893
659894
659895
659896
659897
659898
659899
659900
659901
659902
659903
659904
659905
659906
659907
659908
660169
660170
660171
660172
660173
660174
660175
660176
660177
660178
660179
660180
660181
660182
660183
660184
660185
660534
660535
660536
660537
660538
660539
660540
660541
660542
660543
660544
660545
660546
660547
660548
660549
660550
660551
660552
660813
660814
660815
660816
660817
660818
660819
660820
660821
660822
660823
660824
660825
660826
660827
660828
660829
661178
661179
661180
661181
661182
661183
661184
661185
661186
661187
661188
661189
661190
661191
661192
661193
661194
661195
661196
661457
661458
661459
661460
661461
661462
661463
661464
661465
661466
661467
661468
661469
661470
661471
661472
661473
661822
661823
661824
661825
661826
661827
661828
661829
661830
661831
661832
661833
661834
661835
661836
661837
661838
661839
661840
662101
662102
662103
662104
662105
662106
662107
662108
662109
662110
662111
662112
662113
662114
662115
662116
662117
662466
662467
662468
662469
662470
662471
662472
662473
662474
662475
662476
662477
662478
662479
662480
662481
662482
662483
662484
662745
662746
662747
662748
662749
662750
662751
662752
662753
662754
662755
662756
662757
662758
662759
662760
662761
663110
663111
663112
663113
663114
663115
663116
663117
663118
663119
663120
663121
663122
663123
663124
663125
663126
663127
663128
663389
663390
663391
663392
663393
663394
663395
663396
663397
663398
663399
663400
663401
663402
663403
663404
663405
663754
663755
663756
663757
663758
663759
663760
663761
663762
663763
663764
663765
663766
663767
663768
663769
663770
663771
663957
663958
663959
663960
663961
663962
663963
663964
663965
663966
663967
663968
663969
663970
663971
663972
664156
664157
667907
664159
679916
664161
664162
664163
664164
664165
664166
664167
664168
664169
664170
664171
664172
664211
664212
664213
664214
664215
664216
664217
664218
664219
664220
664221
664222
664223
664224
664225
664226
664410
664411
664412
664413
664414
664415
664416
664417
664418
664419
664420
664421
664422
664423
664424
664425
664609
664610
664611
664612
664613
664614
664615
664616
664617
664618
664619
664620
664621
664622
664623
664624
664808
664809
664810
664811
664812
664813
664814
664815
664816
664817
664818
664819
664820
664821
664822
664823
665007
665008
665009
665010
665011
665012
665013
665014
665015
665016
665017
665018
665019
665020
665021
665022
665206
665207
665208
665209
665210
665211
665212
665213
665214
665215
665216
665217
665218
665219
665220
665221
665405
665406
665407
665408
665409
665410
665411
665412
665413
665414
665415
665416
665417
665418
665419
665420
665604
665605
665606
665607
665608
665609
665610
665611
665612
665613
665614
665615
665616
665617
665618
665619
665620
665659
665660
665661
665662
665663
665664
665665
665666
665667
665668
665669
665670
665671
665672
665673
665674
665675
665714
665715
665716
665717
665718
665719
665720
665721
665722
665723
665724
665725
665726
665727
665728
665729
665730
665769
665770
665771
665772
665773
665774
665775
665776
665777
665778
665779
665780
665781
665782
665783
665784
665785
665824
665825
665826
665827
665828
665829
665830
665831
665832
665833
665834
665835
665836
665837
665838
665839
665840
665879
665880
665881
665882
665883
665884
665885
665886
665887
665888
665889
665890
665891
665892
665893
665894
665895
665934
665935
665936
665937
665938
665939
665940
665941
665942
665943
665944
665945
665946
665947
665948
665949
665950
665989
665990
665991
665992
665993
665994
665995
665996
665997
665998
665999
666000
666001
666002
666003
666004
666005
666044
666045
666046
666047
666048
666049
666050
666051
666052
666053
666054
666055
666056
666057
666058
666059
666060
666099
666100
666101
666102
666103
666104
666105
666106
666107
666108
666109
666110
666111
666112
666113
666114
666115
666154
666155
666156
666157
666158
666159
666160
666161
666162
666163
666164
666165
666166
666167
666168
666169
666170
666209
666210
666211
666212
666213
666214
666215
666216
666217
666218
666219
666220
666221
666222
666223
666224
666225
666264
666265
666266
666267
666268
666269
666270
666271
666272
666273
666274
666275
666276
666277
666278
666279
666280
666319
666320
666321
666322
666323
666324
666325
666326
666327
666328
666329
666330
666331
666332
666333
666334
666335
666374
666375
666376
666377
666378
666379
666380
666381
666382
666383
666384
666385
666386
666387
666388
666389
666390
666429
666430
666431
666432
666433
666434
666435
666436
666437
666438
666439
666440
666441
666442
666443
666444
666445
666484
666485
666486
666487
666488
666489
666490
666491
666492
666493
666494
666495
666496
666497
666498
666499
666500
666539
666540
666541
666542
666543
666544
666545
666546
666547
666548
666549
666550
666551
666552
666553
666554
666555
666594
666595
666596
666597
666598
666599
666600
666601
666602
666603
666604
666605
666606
666607
666608
666609
666610
666649
666650
666651
666652
666653
666654
666655
666656
666657
666658
666659
666660
666661
666662
666663
666664
666665
666704
666705
666706
666707
666708
666709
666710
666711
666712
666713
666714
666715
666716
666717
666718
666719
666720
666759
666760
679919
666762
666763
666764
666765
666766
666767
666768
679922
666770
667905
667906
666773
666774
666775
666814
666815
666816
666817
666818
666819
666820
666821
666822
666823
666824
666825
666826
666827
666828
666829
666830
666869
666870
666871
666872
666873
666874
666875
666876
666877
666878
666879
666880
666881
666882
666883
666884
666885
666924
666925
666926
666927
666928
666929
666930
666931
666932
666933
666934
666935
666936
666937
666938
666939
666940
666979
666980
666981
666982
666983
666984
666985
666986
666987
666988
666989
666990
666991
666992
666993
666994
666995
667034
667035
667036
667037
667038
667039
667040
667041
667042
667043
667044
667045
667046
667047
667048
667049
667050
667089
667090
667091
667092
667093
667094
667095
667096
667097
667098
667099
667100
667101
667102
667103
667104
667105
667144
667145
667146
667147
667148
667149
667150
667151
667152
667153
667154
667155
667156
667157
667158
667159
667160
667199
667200
667201
667202
667203
667204
667205
667206
667207
667208
667209
667210
667211
667212
667213
667214
667215
667254
667255
667256
667257
667258
667259
667260
667261
667262
667263
667264
667265
667266
667267
667268
667269
667270
667308
667309
667310
667311
667312
667313
667314
667904
667316
667317
667318
667319
679925
667321
667322
667357
667358
667359
667360
667361
667362
667363
667364
667365
667366
667367
667368
667369
667370
667371
667406
667407
667408
667409
667410
667411
667412
667413
667414
667415
667416
667417
667418
667419
667420
667455
667456
667457
667458
667459
667460
667461
667462
667463
667464
667465
667466
667467
667468
667469
667504
667505
667506
667507
667508
667509
667510
667511
667512
667513
667514
667515
667516
667517
667518
667553
667554
667555
667556
667557
667558
667559
667560
667561
667562
667563
667564
667565
667566
667567
667602
667603
667604
667605
667606
667607
667608
667609
667610
667611
667612
667613
667614
667615
667616
667651
667652
667653
667654
667655
667656
667657
667658
667659
667660
667661
667662
667663
667664
667665
667700
667701
667702
667703
667704
667705
667706
667707
667708
667709
667710
667711
667712
667713
667714
667749
667750
667751
667752
667753
667754
667755
667756
667757
667758
667759
667760
667761
667762
667763
667798
667799
667800
667801
667802
679928
667804
667805
667806
667807
667808
667809
667903
667811
667812
667847
667848
667849
667850
667851
667852
667853
667854
667855
667856
667857
667858
667859
667860
667861
667896
667897
667898
667899
667900
679897
679900
679903
679906
679909
679912
679915
679918
679921
679924
679927
679930
679931
