539099
539100
539102
539104
539106
539108
539110
539112
539114
539133
539134
539136
539138
539140
539142
539144
539146
539148
539363
539364
539368
539371
539374
539419
539421
539423
539425
539468
539471
539474
539477
539484
539487
539490
539493
539588
539590
539734
539736
539738
539740
539754
539756
539758
539760
539762
539764
539918
539920
539922
539924
539967
539970
539973
539976
539983
539986
539989
539992
540060
540062
540206
540208
540210
540212
540226
540228
540230
540232
540234
540236
540390
540392
540394
540396
540439
540442
540445
540448
540455
540458
540461
540464
540532
540534
540678
540680
540682
540684
540698
540700
540702
540704
540706
540708
540862
540864
540866
540868
540911
540914
540917
540920
540927
540930
540933
540936
541004
541006
541150
541152
541154
541156
541170
541172
541174
541176
541178
541180
541334
541336
541338
541340
541383
541386
541389
541392
541399
541402
541405
541408
541476
541478
541622
541624
541626
541628
541642
541644
541646
541648
541650
541652
541806
541808
541810
541812
541855
541858
541861
541864
541871
541874
541877
541880
541948
541950
542094
542096
542098
542100
542114
542116
542118
542120
542122
542124
542278
542280
542282
542284
542327
542330
542333
542336
542343
542346
542349
542352
542420
542422
542566
542568
542570
542572
542586
542588
542590
542592
542594
542596
542723
542726
542729
542732
543155
543158
543161
543204
543207
543210
543213
543216
543219
543228
543231
543562
543565
543568
543571
543574
543577
543586
543589
543920
543923
543926
543929
543932
543935
543944
543947
544278
544281
544284
544287
544290
544293
544302
544305
544636
544639
544642
544645
544648
544651
544660
544663
544994
544997
545000
545003
545006
545009
545018
545021
545352
545355
545358
545361
545364
545367
545376
545379
545626
545629
545632
545635
545638
545641
554291
554294
554297
554299
554300
554302
554340
554343
554346
554349
554352
554355
554357
554359
554361
554363
554365
554367
554370
554373
554375
554377
554552
554555
554558
554561
554564
554567
554569
554571
554573
554575
554577
554579
554582
554585
554587
554589
554764
554767
554770
554773
554776
554779
554781
554783
554785
554787
554789
554791
554794
554797
554799
554801
554976
554979
554982
554985
554988
554991
554993
554995
554997
554999
555001
555003
555006
555009
555011
555013
555188
555191
555194
555197
555200
555203
555205
555207
555209
555211
555213
555215
555218
555221
555223
555225
555400
555403
555406
555409
555412
555415
555417
555419
555421
555423
555425
555427
555430
555433
555435
555437
555612
555615
555618
555621
555624
555627
555629
555631
555633
555635
555637
555639
555642
555645
555647
555649
555816
555819
555822
555825
555828
555831
555833
555835
555837
555839
555841
555843
621870
621907
622172
623324
624318
625312
626306
627300
628294
629096
669074
669080
669113
669179
669392
669395
669722
669728
669761
669827
670040
670043
670367
670373
670406
670472
670685
670688
