586893
586900
586907
586914
586921
586928
586935
586949
586956
586963
586970
586977
586984
586991
673251
673258
587277
587284
587291
587298
587305
587312
587319
587333
587340
587347
587354
587361
587368
587375
587520
587526
587532
587751
587754
587757
587760
587763
587766
587769
587772
587775
587778
587781
587784
587787
587790
587793
587796
587799
587802
587805
587808
587811
587814
587817
587820
587919
587922
587925
587928
587931
587934
587937
588502
588520
588526
588721
588724
588727
588730
588733
588736
588739
588742
588793
588796
588799
588802
588805
588808
588811
588814
588817
588820
588823
588826
588829
588832
588835
588838
588841
588844
588847
588850
588853
588856
588859
588919
588926
588933
588940
588947
588954
588961
588968
588975
588982
588989
588996
589003
589010
589017
589024
589223
589230
589237
589244
589251
589258
589265
589272
589279
589286
589293
589300
589307
589314
589321
589328
589473
589476
589479
589482
589485
589488
589491
589494
589497
589500
589503
589506
589509
589512
589515
589518
589521
589524
589527
589530
589533
589536
589539
589542
589629
589632
589635
589638
589641
589644
589647
590067
590070
590073
590076
590079
590082
590085
590088
590139
590142
590145
590148
590151
590154
590157
590160
590163
590166
590169
590172
590175
590178
590181
590184
590187
590190
590193
590196
590199
590202
590205
590265
590272
590279
590286
590293
590300
590307
590314
590321
590328
590335
590342
590349
590356
590363
590370
590569
590576
590583
590590
590597
590604
590611
590618
590625
590632
590639
590646
590653
590660
590667
590674
590819
590822
590825
590828
590831
590834
590837
590840
590843
590846
590849
590852
590855
590858
590861
590864
590867
590870
590873
590876
590879
590882
590885
590888
590975
590978
590981
590984
590987
590990
590993
591413
591416
591419
591422
591425
591428
591431
591434
591485
591488
591491
591494
591497
591500
591503
591506
591509
591512
591515
591518
591521
591524
591527
591530
591533
591536
591539
591542
591545
591548
591551
591611
591618
591625
591632
591639
591646
591653
591660
591667
591674
591681
591688
591695
591702
591709
591716
591915
591922
591929
591936
591943
591950
591957
591964
591971
591978
591985
591992
591999
592006
592013
592020
592165
592168
592171
592174
592177
592180
592183
592186
592189
592192
592195
592198
592201
592204
592207
592210
592213
592216
592219
592222
592225
592228
592231
592234
592321
592324
592327
592330
592333
592336
592339
592759
592762
592765
592768
592771
592774
592777
592780
592831
592834
592837
592840
592843
592846
592849
592852
592855
592858
592861
592864
592867
592870
592873
592876
592879
592882
592885
592888
592891
592894
592897
592957
592964
592971
592978
592985
592992
592999
593006
593013
593020
593027
593034
593041
593048
593055
593062
593261
593268
593275
593282
593289
593296
593303
593310
593317
593324
593331
593338
593345
593352
593359
593366
593511
593514
593517
593520
593523
593526
593529
593532
593535
593538
593541
593544
593547
593550
593553
593556
593559
593562
593565
593568
593571
593574
593577
593580
593667
593670
593673
593676
593679
593682
593685
594105
594108
594111
594114
594117
594120
594123
594126
594177
594180
594183
594186
594189
594192
594195
594198
594201
594204
594207
594210
594213
594216
594219
594222
594225
594228
594231
594234
594237
594240
594243
594303
594310
594317
594324
594331
594338
594345
594352
594359
594366
594373
594380
594387
594394
594401
594408
594607
594614
594621
594628
594635
594642
594649
594656
594663
594670
594677
594684
594691
594698
594705
594712
594857
594860
594863
594866
594869
594872
594875
594878
594881
594884
594887
594890
594893
594896
594899
594902
594905
594908
594911
594914
594917
594920
594923
594926
595013
595016
595019
595022
595025
595028
595031
595451
595454
595457
595460
595463
595466
595469
595472
595523
595526
595529
595532
595535
595538
595541
595544
595547
595550
595553
595556
595559
595562
595565
595568
595571
595574
595577
595580
595583
595586
595589
595649
595656
595663
595670
595677
595684
595691
595698
595705
595712
595719
595726
595733
595740
595747
595754
595953
595960
595967
595974
595981
595988
595995
596002
596009
596016
596023
596030
596037
596044
596051
596058
596203
596206
596209
596212
596215
596218
596221
596224
596227
596230
596233
596236
596239
596242
596245
596248
596251
596254
596257
596260
596263
596266
596269
596272
596359
596362
596365
596368
596371
596374
596377
596797
596800
596803
596806
596809
596812
596815
596818
596869
596872
596875
596878
596881
596884
596887
596890
596893
596896
596899
596902
596905
596908
596911
596914
596917
596920
596923
596926
596929
596932
596935
596995
597002
597009
597016
597023
597030
597037
597044
597051
597058
597065
597072
597079
597086
597093
597100
597299
597306
597313
597320
597327
597334
597341
597348
597355
597362
597369
597376
597383
597390
597397
597404
597509
597512
597515
597518
597521
597524
597527
597530
597533
597536
597539
597542
597545
597548
597551
597554
597557
597560
597623
597626
597629
597632
597635
597883
597886
597889
597892
597895
597898
597937
597940
597943
597946
597949
597952
597955
597958
597961
597964
597967
597970
597973
597976
597979
597982
597985
673272
598233
598236
598239
598242
598245
598248
598251
598257
598260
598263
598266
598269
598272
598275
598281
598284
598287
598290
598293
598296
598299
598305
598308
598311
598314
598317
598320
598323
673279
599043
599057
673300
599071
673307
599085
599354
599361
599368
599375
599382
599389
599396
599403
599410
599417
599424
599431
599438
599445
599452
599459
599466
599473
599480
599487
599494
599501
599508
599515
599522
599529
599536
599543
599550
599557
599564
599571
599772
599775
599778
599781
599784
599787
599790
599793
599796
599799
599802
599805
599808
599811
599814
599817
599820
599823
599826
599829
599832
599835
599838
599841
599844
599847
599850
599853
599856
599859
599862
599865
600405
600412
600419
600426
600433
600440
600447
600454
600461
600468
600475
600482
600489
600496
600503
600510
600517
600524
600531
600538
600545
600552
600559
600566
600573
600580
600587
600594
600601
600608
600615
600622
600823
600826
600829
600832
600835
600838
600841
600844
600847
600850
600853
600856
600859
600862
600865
600868
600871
600874
600877
600880
600883
600886
600889
600892
600895
600898
600901
600904
600907
600910
600913
600916
601456
601463
601470
601477
601484
601491
601498
601505
601512
601519
601526
601533
601540
601547
601554
601561
601568
601575
601582
601589
601596
601603
601610
601617
601624
601631
601638
601645
601652
601659
601666
601673
601874
601877
601880
601883
601886
601889
601892
601895
601898
601901
601904
601907
601910
601913
601916
601919
601922
601925
601928
601931
601934
601937
601940
601943
601946
601949
601952
601955
601958
601961
601964
601967
602507
602514
602521
602528
602535
602542
602549
602556
602563
602570
602577
602584
602591
602598
602605
602612
602619
602626
602633
602640
602647
602654
602661
602668
602675
602682
602689
602696
602703
602710
602717
602724
602925
602928
602931
602934
602937
602940
602943
602946
602949
602952
602955
602958
602961
602964
602967
602970
602973
602976
602979
602982
602985
602988
602991
602994
602997
603000
603003
603006
603009
603012
603015
603018
603558
603565
603572
603579
603586
603593
603600
603607
603614
603621
603628
603635
603642
603649
603656
603663
603670
603677
603684
603691
603698
603705
603712
603719
603726
603733
603740
603747
603754
603761
603768
603775
603976
603979
603982
603985
603988
603991
603994
603997
604000
604003
604006
604009
604012
604015
604018
604021
604024
604027
604030
604033
604036
604039
604042
604045
604048
604051
604054
604057
604060
604063
604066
604069
604609
604616
604623
604630
604637
604644
604651
604658
604665
604672
604679
604686
604693
604700
604707
604714
604721
604728
604735
604742
604749
604756
604763
604770
604777
604784
604791
604798
604805
604812
604819
604826
605027
605030
605033
605036
605039
605042
605045
605048
605051
605054
605057
605060
605063
605066
605069
605072
605075
605078
605081
605084
605087
605090
605093
605096
605099
605102
605105
605108
605111
605114
605117
605120
605660
605667
605674
605681
605688
605695
605702
605709
605716
605723
605730
605737
605744
605751
605758
605765
605772
605779
605786
605793
605800
605807
605814
605821
605828
605835
605842
605849
605856
605863
605870
605877
606078
606081
606084
606087
606090
606093
606096
606099
606102
606105
606108
606111
606114
606117
606120
606123
606126
606129
606132
606135
606138
606141
606144
606147
606150
606153
606156
606159
606162
606165
606168
606171
606511
606518
606525
606532
606539
606546
606553
606560
606567
606574
606581
606588
606595
606602
606609
606616
606623
606630
606637
606644
606651
606658
606665
606672
606768
606771
606774
606777
606780
606783
606786
606792
606795
606798
606801
606804
606807
606810
606816
606819
606822
606825
606828
606831
606834
606840
606843
606846
606849
606852
606855
606858
673314
673321
607074
607104
607110
607353
607356
607359
607362
607365
607368
607371
607374
607473
607476
607479
607482
607485
607488
607491
607494
607497
607500
607503
607506
607509
607512
607515
607518
607521
607524
607527
607530
607533
607536
607539
607618
607621
607624
607627
607630
607633
607636
607639
607642
607645
607648
607651
607654
607657
607660
607663
607666
607669
607672
607675
607678
607681
607684
607687
607690
607693
607696
607699
607702
607705
607708
607711
607959
607962
607965
607968
607971
607974
607977
607980
608079
608082
608085
608088
608091
608094
608097
608100
608103
608106
608109
608112
608115
608118
608121
608124
608127
608130
608133
608136
608139
608142
608145
608224
608227
608230
608233
608236
608239
608242
608245
608248
608251
608254
608257
608260
608263
608266
608269
608272
608275
608278
608281
608284
608287
608290
608293
608296
608299
608302
608305
608308
608311
608314
608317
608565
608568
608571
608574
608577
608580
608583
608586
608685
608688
608691
608694
608697
608700
608703
608706
608709
608712
608715
608718
608721
608724
608727
608730
608733
608736
608739
608742
608745
608748
608751
608830
608833
608836
608839
608842
608845
608848
608851
608854
608857
608860
608863
608866
608869
608872
608875
608878
608881
608884
608887
608890
608893
608896
608899
608902
608905
608908
608911
608914
608917
608920
608923
609171
609174
609177
609180
609183
609186
609189
609192
609291
609294
609297
609300
609303
609306
609309
609312
609315
609318
609321
609324
609327
609330
609333
609336
609339
609342
609345
609348
609351
609354
609357
609436
609439
609442
609445
609448
609451
609454
609457
609460
609463
609466
609469
609472
609475
609478
609481
609484
609487
609490
609493
609496
609499
609502
609505
609508
609511
609514
609517
609520
609523
609526
609529
609777
609780
609783
609786
609789
609792
609795
609798
609897
609900
609903
609906
609909
609912
609915
609918
609921
609924
609927
609930
609933
609936
609939
609942
609945
609948
609951
609954
609957
609960
609963
610042
610045
610048
610051
610054
610057
610060
610063
610066
610069
610072
610075
610078
610081
610084
610087
610090
610093
610096
610099
610102
610105
610108
610111
610114
610117
610120
610123
610126
610129
610132
610135
610383
610386
610389
610392
610395
610398
610401
610404
610503
610506
610509
610512
610515
610518
610521
610524
610527
610530
610533
610536
610539
610542
610545
610548
610551
610554
610557
610560
610563
610566
610569
610648
610651
610654
610657
610660
610663
610666
610669
610672
610675
610678
610681
610684
610687
610690
610693
610696
610699
610702
610705
610708
610711
610714
610717
610720
610723
610726
610729
610732
610735
610738
610741
610989
610992
610995
610998
611001
611004
611007
611010
611109
611112
611115
611118
611121
611124
611127
611130
611133
611136
611139
611142
611145
611148
611151
611154
611157
611160
611163
611166
611169
611172
611175
611254
611257
611260
611263
611266
611269
611272
611275
611278
611281
611284
611287
611290
611293
611296
611299
611302
611305
611308
611311
611314
611317
611320
611323
611326
611329
611332
611335
611338
611341
611344
611347
611555
611558
611561
611564
611567
611570
611645
611648
611651
611654
611657
611660
611663
611666
611669
611672
611675
611678
611681
611684
611687
611690
611693
611757
611760
611763
611766
611769
611772
611775
611781
611784
611787
611790
611793
611796
611799
611805
611808
611811
611814
611817
611820
612037
612040
612043
612046
612049
612052
612202
612216
612258
612272
612541
612548
612555
612562
612569
612576
612583
612590
612597
612604
612611
612618
612625
612632
612639
612646
612765
612772
612779
612786
612793
612800
612807
612814
612821
612828
612835
612842
612849
612856
612863
612870
613444
613447
613450
613453
613456
613459
613462
613465
613468
613471
613474
613477
613480
613483
613486
613489
613492
613495
613498
613501
613504
613507
613510
613672
613675
613678
613681
613684
613687
613690
613890
613897
613904
613911
613918
613925
613932
613939
613946
613953
613960
613967
613974
613981
613988
613995
614086
614093
614100
614107
614114
614121
614128
614135
614142
614149
614156
614163
614170
614177
614184
614191
614559
614562
614565
614568
614571
614574
614577
614580
614583
614586
614589
614592
614595
614598
614601
614604
614607
614610
614613
614616
614619
614622
614625
614787
614790
614793
614796
614799
614802
614805
615005
615012
615019
615026
615033
615040
615047
615054
615061
615068
615075
615082
615089
615096
615103
615110
615201
615208
615215
615222
615229
615236
615243
615250
615257
615264
615271
615278
615285
615292
615299
615306
615674
615677
615680
615683
615686
615689
615692
615695
615698
615701
615704
615707
615710
615713
615716
615719
615722
615725
615728
615731
615734
615737
615740
615902
615905
615908
615911
615914
615917
615920
616120
616127
616134
616141
616148
616155
616162
616169
616176
616183
616190
616197
616204
616211
616218
616225
616316
616323
616330
616337
616344
616351
616358
616365
616372
616379
616386
616393
616400
616407
616414
616421
616789
616792
616795
616798
616801
616804
616807
616810
616813
616816
616819
616822
616825
616828
616831
616834
616837
616840
616843
616846
616849
616852
616855
617017
617020
617023
617026
617029
617032
617035
617235
617242
617249
617256
617263
617270
617277
617284
617291
617298
617305
617312
617319
617326
617333
617340
617431
617438
617445
617452
617459
617466
617473
617480
617487
617494
617501
617508
617515
617522
617529
617536
617904
617907
617910
617913
617916
617919
617922
617925
617928
617931
617934
617937
617940
617943
617946
617949
617952
617955
617958
617961
617964
617967
617970
618132
618135
618138
618141
618144
618147
618150
618350
618357
618364
618371
618378
618385
618392
618399
618406
618413
618420
618427
618434
618441
618448
618455
618546
618553
618560
618567
618574
618581
618588
618595
618602
618609
618616
618623
618630
618637
618644
618651
619019
619022
619025
619028
619031
619034
619037
619040
619043
619046
619049
619052
619055
619058
619061
619064
619067
619070
619073
619076
619079
619082
619085
619247
619250
619253
619256
619259
619262
619265
619465
619472
619479
619486
619493
619500
619507
619514
619521
619528
619535
619542
619549
619556
619563
619570
619661
619668
619675
619682
619689
619696
619703
619710
619717
619724
619731
619738
619745
619752
619759
619766
620134
620137
620140
620143
620146
620149
620152
620155
620158
620161
620164
620167
620170
620173
620176
620179
620182
620185
620188
620191
620194
620197
620200
620362
620365
620368
620371
620374
620377
620380
620524
620531
620538
620545
620552
620559
620566
620573
620580
620587
620594
620601
620664
620671
620678
620685
620692
620699
620706
620713
620720
620727
620734
620741
679891
636253
636260
636267
636274
636281
636288
636295
636309
636316
636323
636330
636337
636344
636351
636365
636372
636379
636386
636393
636400
636407
636421
636428
636435
636442
636449
636456
636463
636720
636726
636732
636738
636939
636942
636945
636948
636951
636954
636957
636960
636963
636966
636969
636972
636975
636978
636981
636984
636987
636990
636993
636996
636999
637002
637005
637008
637011
637014
637017
637020
637023
637026
637029
637032
637137
637144
637151
637158
637165
637172
637179
637186
637193
637200
637207
637214
637221
637228
637235
637242
637249
637256
637263
637270
637277
637284
637291
637298
637305
637312
637319
637326
637333
637340
637347
637354
637583
637586
637589
637592
637595
637598
637601
637604
637607
637610
637613
637616
637619
637622
637625
637628
637631
637634
637637
637640
637643
637646
637649
637652
637655
637658
637661
637664
637667
637670
637673
637676
637781
637788
637795
637802
637809
637816
637823
637830
637837
637844
637851
637858
637865
637872
637879
637886
637893
637900
637907
637914
637921
637928
637935
637942
637949
637956
637963
637970
637977
637984
637991
637998
638227
638230
638233
638236
638239
638242
638245
638248
638251
638254
638257
638260
638263
638266
638269
638272
638275
638278
638281
638284
638287
638290
638293
638296
638299
638302
638305
638308
638311
638314
638317
638320
638425
638432
638439
638446
638453
638460
638467
638474
638481
638488
638495
638502
638509
638516
638523
638530
638537
638544
638551
638558
638565
638572
638579
638586
638593
638600
638607
638614
638621
638628
638635
638642
638871
638874
638877
638880
638883
638886
638889
638892
638895
638898
638901
638904
638907
638910
638913
638916
638919
638922
638925
638928
638931
638934
638937
638940
638943
638946
638949
638952
638955
638958
638961
638964
639069
639076
639083
639090
639097
639104
639111
639118
639125
639132
639139
639146
639153
639160
639167
639174
639181
639188
639195
639202
639209
639216
639223
639230
639237
639244
639251
639258
639265
639272
639279
639286
639515
639518
639521
639524
639527
639530
639533
639536
639539
639542
639545
639548
639551
639554
639557
639560
639563
639566
639569
639572
639575
639578
639581
639584
639587
639590
639593
639596
639599
639602
639605
639608
639713
639720
639727
639734
639741
639748
639755
639762
639769
639776
639783
639790
639797
639804
639811
639818
639825
639832
639839
639846
639853
639860
639867
639874
639881
639888
639895
639902
639909
639916
639923
639930
640159
640162
640165
640168
640171
640174
640177
640180
640183
640186
640189
640192
640195
640198
640201
640204
640207
640210
640213
640216
640219
640222
640225
640228
640231
640234
640237
640240
640243
640246
640249
640252
640357
640364
640371
640378
640385
640392
640399
640406
640413
640420
640427
640434
640441
640448
640455
640462
640469
640476
640483
640490
640497
640504
640511
640518
640525
640532
640539
640546
640553
640560
640567
640574
640803
640806
640809
640812
640815
640818
640821
640824
640827
640830
640833
640836
640839
640842
640845
640848
640851
640854
640857
640860
640863
640866
640869
640872
640875
640878
640881
640884
640887
640890
640893
640896
641001
641008
641015
641022
641029
641036
641043
641050
641057
641064
641071
641078
641085
641092
641099
641106
641113
641120
641127
641134
641141
641148
641155
641162
641169
641176
641183
641190
641197
641204
641211
641218
641407
641410
641413
641416
641419
641422
641425
641428
641431
641434
641437
641440
641443
641446
641449
641452
641455
641458
641461
641464
641467
641470
641473
641476
641573
641576
641579
641582
641585
641588
641591
641597
641600
641603
641606
641609
641612
641615
641621
641624
641627
641630
641633
641636
641639
641645
641648
641651
641654
641657
641660
641663
673377
641903
641909
641915
641921
642182
642185
642188
642191
642194
642197
642200
642203
642206
642209
642212
642215
642218
642221
642224
642227
642230
642233
642236
642239
642242
642245
642248
642251
642254
642257
642260
642263
642266
642269
642272
642275
642429
642432
642435
642438
642441
642444
642447
642450
642453
642456
642459
642462
642465
642468
642471
642474
642477
642480
642483
642486
642489
642492
642495
642498
642501
642504
642507
642510
642513
642516
642519
642522
642788
642791
642794
642797
642800
642803
642806
642809
642812
642815
642818
642821
642824
642827
642830
642833
642836
642839
642842
642845
642848
642851
642854
642857
642860
642863
642866
642869
642872
642875
642878
642881
643035
643038
643041
643044
643047
643050
643053
643056
643059
643062
643065
643068
643071
643074
643077
643080
643083
643086
643089
643092
643095
643098
643101
643104
643107
643110
643113
643116
643119
643122
643125
643128
643394
643397
643400
643403
643406
643409
643412
643415
643418
643421
643424
643427
643430
643433
643436
643439
643442
643445
643448
643451
643454
643457
643460
643463
643466
643469
643472
643475
643478
643481
643484
643487
643641
643644
643647
643650
643653
643656
643659
643662
643665
643668
643671
643674
643677
643680
643683
643686
643689
643692
643695
643698
643701
643704
643707
643710
643713
643716
643719
643722
643725
643728
643731
643734
644000
644003
644006
644009
644012
644015
644018
644021
644024
644027
644030
644033
644036
644039
644042
644045
644048
644051
644054
644057
644060
644063
644066
644069
644072
644075
644078
644081
644084
644087
644090
644093
644247
644250
644253
644256
644259
644262
644265
644268
644271
644274
644277
644280
644283
644286
644289
644292
644295
644298
644301
644304
644307
644310
644313
644316
644319
644322
644325
644328
644331
644334
644337
644340
644606
644609
644612
644615
644618
644621
644624
644627
644630
644633
644636
644639
644642
644645
644648
644651
644654
644657
644660
644663
644666
644669
644672
644675
644678
644681
644684
644687
644690
644693
644696
644699
644853
644856
644859
644862
644865
644868
644871
644874
644877
644880
644883
644886
644889
644892
644895
644898
644901
644904
644907
644910
644913
644916
644919
644922
644925
644928
644931
644934
644937
644940
644943
644946
645212
645215
645218
645221
645224
645227
645230
645233
645236
645239
645242
645245
645248
645251
645254
645257
645260
645263
645266
645269
645272
645275
645278
645281
645284
645287
645290
645293
645296
645299
645302
645305
645459
645462
645465
645468
645471
645474
645477
645480
645483
645486
645489
645492
645495
645498
645501
645504
645507
645510
645513
645516
645519
645522
645525
645528
645531
645534
645537
645540
645543
645546
645549
645552
645818
645821
645824
645827
645830
645833
645836
645839
645842
645845
645848
645851
645854
645857
645860
645863
645866
645869
645872
645875
645878
645881
645884
645887
645890
645893
645896
645899
645902
645905
645908
645911
646065
646068
646071
646074
646077
646080
646083
646086
646089
646092
646095
646098
646101
646104
646107
646110
646113
646116
646119
646122
646125
646128
646131
646134
646137
646140
646143
646146
646149
646152
646155
646158
646384
646387
646390
646393
646396
646399
646402
646405
646408
646411
646414
646417
646420
646423
646426
646429
646432
646435
646438
646441
646444
646447
646450
646453
650379
650382
650385
650388
650391
650394
650397
650403
650406
650409
650412
650415
650418
650421
650635
650638
650641
650644
650647
650650
650653
650659
650662
650665
650668
650671
650674
673384
651301
651315
651329
651343
651612
651619
651626
651633
651640
651647
651654
651661
651668
651675
651682
651689
651696
651703
651710
651717
651724
651731
651738
651745
651752
651759
651766
651773
651780
651787
651794
651801
651808
651815
651822
651829
651898
651901
651904
651907
651910
651913
651916
651919
651922
651925
651928
651931
651934
651937
651940
651943
652102
652105
652108
652111
652114
652117
652120
652123
652126
652129
652132
652135
652138
652141
652144
652615
652622
652629
652636
652643
652650
652657
652664
652671
652678
652685
652692
652699
652706
652713
652720
652727
652734
652741
652748
652755
652762
652769
652776
652783
652790
652797
652804
652811
652818
652825
652832
652901
652904
652907
652910
652913
652916
652919
652922
652925
652928
652931
652934
652937
652940
652943
652946
653105
653108
653111
653114
653117
653120
653123
653126
653129
653132
653135
653138
653141
653144
653147
653618
653625
653632
653639
653646
653653
653660
653667
653674
653681
653688
653695
653702
653709
653716
653723
653730
653737
653744
653751
653758
653765
653772
653779
653786
653793
653800
653807
653814
653821
653828
653835
653904
653907
653910
653913
653916
653919
653922
653925
653928
653931
653934
653937
653940
653943
653946
653949
654108
654111
654114
654117
654120
654123
654126
654129
654132
654135
654138
654141
654144
654147
654150
654621
654628
654635
654642
654649
654656
654663
654670
654677
654684
654691
654698
654705
654712
654719
654726
654733
654740
654747
654754
654761
654768
654775
654782
654789
654796
654803
654810
654817
654824
654831
654838
654907
654910
654913
654916
654919
654922
654925
654928
654931
654934
654937
654940
654943
654946
654949
654952
655111
655114
655117
655120
655123
655126
655129
655132
655135
655138
655141
655144
655147
655150
655153
655624
655631
655638
655645
655652
655659
655666
655673
655680
655687
655694
655701
655708
655715
655722
655729
655736
655743
655750
655757
655764
655771
655778
655785
655792
655799
655806
655813
655820
655827
655834
655841
655910
655913
655916
655919
655922
655925
655928
655931
655934
655937
655940
655943
655946
655949
655952
655955
656114
656117
656120
656123
656126
656129
656132
656135
656138
656141
656144
656147
656150
656153
656156
656627
656634
656641
656648
656655
656662
656669
656676
656683
656690
656697
656704
656711
656718
656725
656732
656739
656746
656753
656760
656767
656774
656781
656788
656795
656802
656809
656816
656823
656830
656837
656844
656913
656916
656919
656922
656925
656928
656931
656934
656937
656940
656943
656946
656949
656952
656955
656958
657117
657120
657123
657126
657129
657132
657135
657138
657141
657144
657147
657150
657153
657156
657159
657630
657637
657644
657651
657658
657665
657672
657679
657686
657693
657700
657707
657714
657721
657728
657735
657742
657749
657756
657763
657770
657777
657784
657791
657798
657805
657812
657819
657826
657833
657840
657847
657916
657919
657922
657925
657928
657931
657934
657937
657940
657943
657946
657949
657952
657955
657958
657961
658120
658123
658126
658129
658132
658135
658138
658141
658144
658147
658150
658153
658156
658159
658162
658457
658464
658471
658478
658485
658492
658499
658506
658513
658520
658527
658534
658541
658548
658555
658562
658569
658576
658583
658590
658597
658604
658611
658618
673412
658693
658700
658707
658714
658721
658728
658735
673419
658749
658756
658763
658770
658777
658784
658791
658805
658812
658819
658826
658833
658840
658847
658861
658868
658875
658882
658889
658896
658903
673426
659160
659178
659184
659379
659382
659385
659388
659391
659394
659397
659400
659451
659454
659457
659460
659463
659466
659469
659472
659475
659478
659481
659484
659487
659490
659493
659496
659499
659502
659505
659508
659511
659514
659517
659577
659584
659591
659598
659605
659612
659619
659626
659633
659640
659647
659654
659661
659668
659675
659682
659689
659696
659703
659710
659717
659724
659731
659738
659745
659752
659759
659766
659773
659780
659787
659794
660023
660026
660029
660032
660035
660038
660041
660044
660095
660098
660101
660104
660107
660110
660113
660116
660119
660122
660125
660128
660131
660134
660137
660140
660143
660146
660149
660152
660155
660158
660161
660221
660228
660235
660242
660249
660256
660263
660270
660277
660284
660291
660298
660305
660312
660319
660326
660333
660340
660347
660354
660361
660368
660375
660382
660389
660396
660403
660410
660417
660424
660431
660438
660667
660670
660673
660676
660679
660682
660685
660688
660739
660742
660745
660748
660751
660754
660757
660760
660763
660766
660769
660772
660775
660778
660781
660784
660787
660790
660793
660796
660799
660802
660805
660865
660872
660879
660886
660893
660900
660907
660914
660921
660928
660935
660942
660949
660956
660963
660970
660977
660984
660991
660998
661005
661012
661019
661026
661033
661040
661047
661054
661061
661068
661075
661082
661311
661314
661317
661320
661323
661326
661329
661332
661383
661386
661389
661392
661395
661398
661401
661404
661407
661410
661413
661416
661419
661422
661425
661428
661431
661434
661437
661440
661443
661446
661449
661509
661516
661523
661530
661537
661544
661551
661558
661565
661572
661579
661586
661593
661600
661607
661614
661621
661628
661635
661642
661649
661656
661663
661670
661677
661684
661691
661698
661705
661712
661719
661726
661955
661958
661961
661964
661967
661970
661973
661976
662027
662030
662033
662036
662039
662042
662045
662048
662051
662054
662057
662060
662063
662066
662069
662072
662075
662078
662081
662084
662087
662090
662093
662153
662160
662167
662174
662181
662188
662195
662202
662209
662216
662223
662230
662237
662244
662251
662258
662265
662272
662279
662286
662293
662300
662307
662314
662321
662328
662335
662342
662349
662356
662363
662370
662599
662602
662605
662608
662611
662614
662617
662620
662671
662674
662677
662680
662683
662686
662689
662692
662695
662698
662701
662704
662707
662710
662713
662716
662719
662722
662725
662728
662731
662734
662737
662797
662804
662811
662818
662825
662832
662839
662846
662853
662860
662867
662874
662881
662888
662895
662902
662909
662916
662923
662930
662937
662944
662951
662958
662965
662972
662979
662986
662993
663000
663007
663014
663243
663246
663249
663252
663255
663258
663261
663264
663315
663318
663321
663324
663327
663330
663333
663336
663339
663342
663345
663348
663351
663354
663357
663360
663363
663366
663369
663372
663375
663378
663381
663441
663448
663455
663462
663469
663476
663483
663490
663497
663504
663511
663518
663525
663532
663539
663546
663553
663560
663567
663574
663581
663588
663595
663602
663609
663616
663623
663630
663637
663644
663651
663658
663847
663850
663853
663856
663859
663862
663901
663904
663907
663910
663913
663916
663919
663922
663925
663928
663931
663934
663937
663940
663943
663946
663949
664061
664064
664067
664070
664073
664076
664079
664085
664088
664091
664094
664097
664100
664103
664109
664112
664115
664118
664121
664124
664127
664133
664136
664139
664142
664145
664148
664312
664315
664318
664321
664324
664327
664330
664333
664336
664339
664342
664345
664348
664351
664354
664357
664360
664363
664366
664369
664372
664375
664378
664381
664384
664387
664390
664393
664396
664399
664402
664511
664514
664517
664520
664523
664526
664529
664532
664535
664538
664541
664544
664547
664550
664553
664556
664559
664562
664565
664568
664571
664574
664577
664580
664583
664586
664589
664592
664595
664598
664601
664710
664713
664716
664719
664722
664725
664728
664731
664734
664737
664740
664743
664746
664749
664752
664755
664758
664761
664764
664767
664770
664773
664776
664779
664782
664785
664788
664791
664794
664797
664800
664909
664912
664915
664918
664921
664924
664927
664930
664933
664936
664939
664942
664945
664948
664951
664954
664957
664960
664963
664966
664969
664972
664975
664978
664981
664984
664987
664990
664993
664996
664999
665108
665111
665114
665117
665120
665123
665126
665129
665132
665135
665138
665141
665144
665147
665150
665153
665156
665159
665162
665165
665168
665171
665174
665177
665180
665183
665186
665189
665192
665195
665198
665307
665310
665313
665316
665319
665322
665325
665328
665331
665334
665337
665340
665343
665346
665349
665352
665355
665358
665361
665364
665367
665370
665373
665376
665379
665382
665385
665388
665391
665394
665397
665506
665509
665512
665515
665518
665521
665524
665527
665530
665533
665536
665539
665542
665545
665548
665551
665554
665557
665560
665563
665566
665569
665572
665575
665578
665581
665584
665587
665590
665593
665596
673433
586892
586899
586906
586913
586920
586927
586934
586948
586955
586962
586969
586976
586983
586990
673447
587276
587283
587290
587297
587304
587311
587318
587332
587339
587346
587353
587360
587367
587374
587519
587525
673503
587531
673510
673517
587561
587562
587750
587753
587756
587759
587762
587765
587768
587771
587774
587777
587780
587783
587786
587789
587792
587795
587798
587801
587804
587807
587810
587813
587816
587819
587918
587921
587924
587927
587930
587933
587936
587939
587940
673544
588501
588519
588525
673630
588531
588532
588720
588723
588726
588729
588732
588735
588738
588741
588792
588795
588798
588801
588804
588807
588810
588813
588816
588819
588822
588825
588828
588831
588834
588837
588840
588843
588846
588849
588852
588855
588858
588861
588862
588918
588925
588932
588939
588946
588953
588960
588967
588974
588981
588988
588995
589002
589009
589016
589023
589222
589229
589236
589243
589250
589257
589264
589271
589278
589285
589292
589299
589306
589313
589320
589327
589472
589475
589478
589481
589484
589487
589490
589493
589496
589499
589502
589505
589508
589511
589514
589517
589520
589523
589526
589529
589532
589535
589538
589541
589628
589631
589634
589637
589640
589643
589646
589649
589650
590066
590069
590072
590075
590078
590081
590084
590087
590138
590141
590144
590147
590150
590153
590156
590159
590162
590165
590168
590171
590174
590177
590180
590183
590186
590189
590192
590195
590198
590201
590204
590207
590208
590264
590271
590278
590285
590292
590299
590306
590313
590320
590327
590334
590341
590348
590355
590362
590369
590568
590575
590582
590589
590596
590603
590610
590617
590624
590631
590638
590645
590652
590659
590666
590673
590818
590821
590824
590827
590830
590833
590836
590839
590842
590845
590848
590851
590854
590857
590860
590863
590866
590869
590872
590875
590878
590881
590884
590887
590974
590977
590980
590983
590986
590989
590992
590995
590996
591412
591415
591418
591421
591424
591427
591430
591433
591484
591487
591490
591493
591496
591499
591502
591505
591508
591511
591514
591517
591520
591523
591526
591529
591532
591535
591538
591541
591544
591547
591550
591553
591554
591610
591617
591624
591631
591638
591645
591652
591659
591666
591673
591680
591687
591694
591701
591708
591715
591914
591921
591928
591935
591942
591949
591956
591963
591970
591977
591984
591991
591998
592005
592012
592019
592164
592167
592170
592173
592176
592179
592182
592185
592188
592191
592194
592197
592200
592203
592206
592209
592212
592215
592218
592221
592224
592227
592230
592233
592320
592323
592326
592329
592332
592335
592338
592341
592342
592758
592761
592764
592767
592770
592773
592776
592779
592830
592833
592836
592839
592842
592845
592848
592851
592854
592857
592860
592863
592866
592869
592872
592875
592878
592881
592884
592887
592890
592893
592896
592899
592900
592956
592963
592970
592977
592984
592991
592998
593005
593012
593019
593026
593033
593040
593047
593054
593061
593260
593267
593274
593281
593288
593295
593302
593309
593316
593323
593330
593337
593344
593351
593358
593365
593510
593513
593516
593519
593522
593525
593528
593531
593534
593537
593540
593543
593546
593549
593552
593555
593558
593561
593564
593567
593570
593573
593576
593579
593666
593669
593672
593675
593678
593681
593684
593687
593688
594104
594107
594110
594113
594116
594119
594122
594125
594176
594179
594182
594185
594188
594191
594194
594197
594200
594203
594206
594209
594212
594215
594218
594221
594224
594227
594230
594233
594236
594239
594242
594245
594246
594302
594309
594316
594323
594330
594337
594344
594351
594358
594365
594372
594379
594386
594393
594400
594407
594606
594613
594620
594627
594634
594641
594648
594655
594662
594669
594676
594683
594690
594697
594704
594711
594856
594859
594862
594865
594868
594871
594874
594877
594880
594883
594886
594889
594892
594895
594898
594901
594904
594907
594910
594913
594916
594919
594922
594925
595012
595015
595018
595021
595024
595027
595030
595033
595034
595450
595453
595456
595459
595462
595465
595468
595471
595522
595525
595528
595531
595534
595537
595540
595543
595546
595549
595552
595555
595558
595561
595564
595567
595570
595573
595576
595579
595582
595585
595588
595591
595592
595648
595655
595662
595669
595676
595683
595690
595697
595704
595711
595718
595725
595732
595739
595746
595753
595952
595959
595966
595973
595980
595987
595994
596001
596008
596015
596022
596029
596036
596043
596050
596057
596202
596205
596208
596211
596214
596217
596220
596223
596226
596229
596232
596235
596238
596241
596244
596247
596250
596253
596256
596259
596262
596265
596268
596271
596358
596361
596364
596367
596370
596373
596376
596379
596380
596796
596799
596802
596805
596808
596811
596814
596817
596868
596871
596874
596877
596880
596883
596886
596889
596892
596895
596898
596901
596904
596907
596910
596913
596916
596919
596922
596925
596928
596931
596934
596937
596938
596994
597001
597008
597015
597022
597029
597036
597043
597050
597057
597064
597071
597078
597085
597092
597099
597298
597305
597312
597319
597326
597333
597340
597347
597354
597361
597368
597375
597382
597389
597396
597403
597508
597511
597514
597517
597520
597523
597526
597529
597532
597535
597538
597541
597544
597547
597550
597553
597556
597559
597622
597625
597628
597631
597634
597637
597638
597882
597885
597888
597891
597894
597897
597936
597939
597942
597945
597948
597951
597954
597957
597960
597963
597966
597969
597972
597975
597978
597981
597984
597987
597988
673629
673640
598232
598235
598238
598241
598244
598247
598250
598256
598259
598262
598265
598268
598271
598274
673667
598280
598283
598286
598289
598292
598295
598298
673674
598304
598307
598310
598313
598316
598319
598322
673681
673688
599042
599056
599070
599084
599353
599360
599367
599374
599381
599388
599395
599402
599409
599416
599423
599430
599437
599444
599451
599458
599465
599472
599479
599486
599493
599500
599507
599514
599521
599528
599535
599542
599549
599556
599563
599570
599771
599774
599777
599780
599783
599786
599789
599792
599795
599798
599801
599804
599807
599810
599813
599816
599819
599822
599825
599828
599831
599834
599837
599840
599843
599846
599849
599852
599855
599858
599861
599864
600404
600411
600418
600425
600432
600439
600446
600453
600460
600467
600474
600481
600488
600495
600502
600509
600516
600523
600530
600537
600544
600551
600558
600565
600572
600579
600586
600593
600600
600607
600614
600621
600822
600825
600828
600831
600834
600837
600840
600843
600846
600849
600852
600855
600858
600861
600864
600867
600870
600873
600876
600879
600882
600885
600888
600891
600894
600897
600900
600903
600906
600909
600912
600915
601455
601462
601469
601476
601483
601490
601497
601504
601511
601518
601525
601532
601539
601546
601553
601560
601567
601574
601581
601588
601595
601602
601609
601616
601623
601630
601637
601644
601651
601658
601665
601672
601873
601876
601879
601882
601885
601888
601891
601894
601897
601900
601903
601906
601909
601912
601915
601918
601921
601924
601927
601930
601933
601936
601939
601942
601945
601948
601951
601954
601957
601960
601963
601966
602506
602513
602520
602527
602534
602541
602548
602555
602562
602569
602576
602583
602590
602597
602604
602611
602618
602625
602632
602639
602646
602653
602660
602667
602674
602681
602688
602695
602702
602709
602716
602723
602924
602927
602930
602933
602936
602939
602942
602945
602948
602951
602954
602957
602960
602963
602966
602969
602972
602975
602978
602981
602984
602987
602990
602993
602996
602999
603002
603005
603008
603011
603014
603017
603557
603564
603571
603578
603585
603592
603599
603606
603613
603620
603627
603634
603641
603648
603655
603662
603669
603676
603683
603690
603697
603704
603711
603718
603725
603732
603739
603746
603753
603760
603767
603774
603975
603978
603981
603984
603987
603990
603993
603996
603999
604002
604005
604008
604011
604014
604017
604020
604023
604026
604029
604032
604035
604038
604041
604044
604047
604050
604053
604056
604059
604062
604065
604068
604608
604615
604622
604629
604636
604643
604650
604657
604664
604671
604678
604685
604692
604699
604706
604713
604720
604727
604734
604741
604748
604755
604762
604769
604776
604783
604790
604797
604804
604811
604818
604825
605026
605029
605032
605035
605038
605041
605044
605047
605050
605053
605056
605059
605062
605065
605068
605071
605074
605077
605080
605083
605086
605089
605092
605095
605098
605101
605104
605107
605110
605113
605116
605119
605659
605666
605673
605680
605687
605694
605701
605708
605715
605722
605729
605736
605743
605750
605757
605764
605771
605778
605785
605792
605799
605806
605813
605820
605827
605834
605841
605848
605855
605862
605869
605876
606077
606080
606083
606086
606089
606092
606095
606098
606101
606104
606107
606110
606113
606116
606119
606122
606125
606128
606131
606134
606137
606140
606143
606146
606149
606152
606155
606158
606161
606164
606167
606170
606510
606517
606524
606531
606538
606545
606552
606559
606566
606573
606580
606587
606594
606601
606608
606615
606622
606629
606636
606643
606650
606657
606664
606671
606767
606770
606773
606776
606779
606782
606785
606791
606794
606797
606800
606803
606806
606809
673778
606815
606818
606821
606824
606827
606830
606833
673785
606839
606842
606845
606848
606851
606854
606857
673792
673799
607073
673827
607103
607109
673854
607115
607116
607352
607355
607358
607361
607364
607367
607370
607373
607472
607475
607478
607481
607484
607487
607490
607493
607496
607499
607502
607505
607508
607511
607514
607517
607520
607523
607526
607529
607532
607535
607538
607541
607542
607617
607620
607623
607626
607629
607632
607635
607638
607641
607644
607647
607650
607653
607656
607659
607662
607665
607668
607671
607674
607677
607680
607683
607686
607689
607692
607695
607698
607701
607704
607707
607710
607958
607961
607964
607967
607970
607973
607976
607979
608078
608081
608084
608087
608090
608093
608096
608099
608102
608105
608108
608111
608114
608117
608120
608123
608126
608129
608132
608135
608138
608141
608144
608147
608148
608223
608226
608229
608232
608235
608238
608241
608244
608247
608250
608253
608256
608259
608262
608265
608268
608271
608274
608277
608280
608283
608286
608289
608292
608295
608298
608301
608304
608307
608310
608313
608316
608564
608567
608570
608573
608576
608579
608582
608585
608684
608687
608690
608693
608696
608699
608702
608705
608708
608711
608714
608717
608720
608723
608726
608729
608732
608735
608738
608741
608744
608747
608750
608753
608754
608829
608832
608835
608838
608841
608844
608847
608850
608853
608856
608859
608862
608865
608868
608871
608874
608877
608880
608883
608886
608889
608892
608895
608898
608901
608904
608907
608910
608913
608916
608919
608922
609170
609173
609176
609179
609182
609185
609188
609191
609290
609293
609296
609299
609302
609305
609308
609311
609314
609317
609320
609323
609326
609329
609332
609335
609338
609341
609344
609347
609350
609353
609356
609359
609360
609435
609438
609441
609444
609447
609450
609453
609456
609459
609462
609465
609468
609471
609474
609477
609480
609483
609486
609489
609492
609495
609498
609501
609504
609507
609510
609513
609516
609519
609522
609525
609528
609776
609779
609782
609785
609788
609791
609794
609797
609896
609899
609902
609905
609908
609911
609914
609917
609920
609923
609926
609929
609932
609935
609938
609941
609944
609947
609950
609953
609956
609959
609962
609965
609966
610041
610044
610047
610050
610053
610056
610059
610062
610065
610068
610071
610074
610077
610080
610083
610086
610089
610092
610095
610098
610101
610104
610107
610110
610113
610116
610119
610122
610125
610128
610131
610134
610382
610385
610388
610391
610394
610397
610400
610403
610502
610505
610508
610511
610514
610517
610520
610523
610526
610529
610532
610535
610538
610541
610544
610547
610550
610553
610556
610559
610562
610565
610568
610571
610572
610647
610650
610653
610656
610659
610662
610665
610668
610671
610674
610677
610680
610683
610686
610689
610692
610695
610698
610701
610704
610707
610710
610713
610716
610719
610722
610725
610728
610731
610734
610737
610740
610988
610991
610994
610997
611000
611003
611006
611009
611108
611111
611114
611117
611120
611123
611126
611129
611132
611135
611138
611141
611144
611147
611150
611153
611156
611159
611162
611165
611168
611171
611174
611177
611178
611253
611256
611259
611262
611265
611268
611271
611274
611277
611280
611283
611286
611289
611292
611295
611298
611301
611304
611307
611310
611313
611316
611319
611322
611325
611328
611331
611334
611337
611340
611343
611346
611554
611557
611560
611563
611566
611569
611644
611647
611650
611653
611656
611659
611662
611665
611668
611671
611674
611677
611680
611683
611686
611689
611692
611695
611696
673861
611756
611759
611762
611765
611768
611771
611774
673868
611780
611783
611786
611789
611792
611795
611798
673875
611804
611807
611810
611813
611816
611819
611822
611823
673882
673889
612036
612039
612042
612045
612048
612051
612054
612055
612201
673930
612215
673937
612257
673944
612271
612540
612547
612554
612561
612568
612575
612582
612589
612596
612603
612610
612617
612624
612631
612638
612645
612764
612771
612778
612785
612792
612799
612806
612813
612820
612827
612834
612841
612848
612855
612862
612869
673951
673958
673957
613443
613446
613449
613452
613455
613458
613461
613464
613467
613470
613473
613476
613479
613482
613485
613488
613491
613494
613497
613500
613503
613506
613509
613512
613513
613671
613674
613677
613680
613683
613686
613689
613692
613693
613889
613896
613903
613910
613917
613924
613931
613938
613945
613952
613959
613966
613973
613980
613987
613994
614085
614092
614099
614106
614113
614120
614127
614134
614141
614148
614155
614162
614169
614176
614183
614190
614558
614561
614564
614567
614570
614573
614576
614579
614582
614585
614588
614591
614594
614597
614600
614603
614606
614609
614612
614615
614618
614621
614624
614627
614628
614786
614789
614792
614795
614798
614801
614804
614807
614808
615004
615011
615018
615025
615032
615039
615046
615053
615060
615067
615074
615081
615088
615095
615102
615109
615200
615207
615214
615221
615228
615235
615242
615249
615256
615263
615270
615277
615284
615291
615298
615305
615673
615676
615679
615682
615685
615688
615691
615694
615697
615700
615703
615706
615709
615712
615715
615718
615721
615724
615727
615730
615733
615736
615739
615742
615743
615901
615904
615907
615910
615913
615916
615919
615922
615923
616119
616126
616133
616140
616147
616154
616161
616168
616175
616182
616189
616196
616203
616210
616217
616224
616315
616322
616329
616336
616343
616350
616357
616364
616371
616378
616385
616392
616399
616406
616413
616420
616788
616791
616794
616797
616800
616803
616806
616809
616812
616815
616818
616821
616824
616827
616830
616833
616836
616839
616842
616845
616848
616851
616854
616857
616858
617016
617019
617022
617025
617028
617031
617034
617037
617038
617234
617241
617248
617255
617262
617269
617276
617283
617290
617297
617304
617311
617318
617325
617332
617339
617430
617437
617444
617451
617458
617465
617472
617479
617486
617493
617500
617507
617514
617521
617528
617535
617903
617906
617909
617912
617915
617918
617921
617924
617927
617930
617933
617936
617939
617942
617945
617948
617951
617954
617957
617960
617963
617966
617969
617972
617973
618131
618134
618137
618140
618143
618146
618149
618152
618153
618349
618356
618363
618370
618377
618384
618391
618398
618405
618412
618419
618426
618433
618440
618447
618454
618545
618552
618559
618566
618573
618580
618587
618594
618601
618608
618615
618622
618629
618636
618643
618650
619018
619021
619024
619027
619030
619033
619036
619039
619042
619045
619048
619051
619054
619057
619060
619063
619066
619069
619072
619075
619078
619081
619084
619087
619088
619246
619249
619252
619255
619258
619261
619264
619267
619268
619464
619471
619478
619485
619492
619499
619506
619513
619520
619527
619534
619541
619548
619555
619562
619569
619660
619667
619674
619681
619688
619695
619702
619709
619716
619723
619730
619737
619744
619751
619758
619765
620133
620136
620139
620142
620145
620148
620151
620154
620157
620160
620163
620166
620169
620172
620175
620178
620181
620184
620187
620190
620193
620196
620199
620202
620203
620361
620364
620367
620370
620373
620376
620379
620382
620383
620523
620530
620537
620544
620551
620558
620565
620572
620579
620586
620593
620600
620663
620670
620677
620684
620691
620698
620705
620712
620719
620726
620733
620740
636252
636259
636266
636273
636280
636287
636294
636308
636315
636322
636329
636336
636343
636350
636364
636371
636378
636385
636392
636399
636406
636420
636427
636434
636441
636448
636455
636462
674390
674397
636719
636725
674432
636731
674439
636737
674446
674453
636938
636941
636944
636947
636950
636953
636956
636959
636962
636965
636968
636971
636974
636977
636980
636983
636986
636989
636992
636995
636998
637001
637004
637007
637010
637013
637016
637019
637022
637025
637028
637031
637136
637143
637150
637157
637164
637171
637178
637185
637192
637199
637206
637213
637220
637227
637234
637241
637248
637255
637262
637269
637276
637283
637290
637297
637304
637311
637318
637325
637332
637339
637346
637353
637582
637585
637588
637591
637594
637597
637600
637603
637606
637609
637612
637615
637618
637621
637624
637627
637630
637633
637636
637639
637642
637645
637648
637651
637654
637657
637660
637663
637666
637669
637672
637675
637780
637787
637794
637801
637808
637815
637822
637829
637836
637843
637850
637857
637864
637871
637878
637885
637892
637899
637906
637913
637920
637927
637934
637941
637948
637955
637962
637969
637976
637983
637990
637997
638226
638229
638232
638235
638238
638241
638244
638247
638250
638253
638256
638259
638262
638265
638268
638271
638274
638277
638280
638283
638286
638289
638292
638295
638298
638301
638304
638307
638310
638313
638316
638319
638424
638431
638438
638445
638452
638459
638466
638473
638480
638487
638494
638501
638508
638515
638522
638529
638536
638543
638550
638557
638564
638571
638578
638585
638592
638599
638606
638613
638620
638627
638634
638641
638870
638873
638876
638879
638882
638885
638888
638891
638894
638897
638900
638903
638906
638909
638912
638915
638918
638921
638924
638927
638930
638933
638936
638939
638942
638945
638948
638951
638954
638957
638960
638963
639068
639075
639082
639089
639096
639103
639110
639117
639124
639131
639138
639145
639152
639159
639166
639173
639180
639187
639194
639201
639208
639215
639222
639229
639236
639243
639250
639257
639264
639271
639278
639285
639514
639517
639520
639523
639526
639529
639532
639535
639538
639541
639544
639547
639550
639553
639556
639559
639562
639565
639568
639571
639574
639577
639580
639583
639586
639589
639592
639595
639598
639601
639604
639607
639712
639719
639726
639733
639740
639747
639754
639761
639768
639775
639782
639789
639796
639803
639810
639817
639824
639831
639838
639845
639852
639859
639866
639873
639880
639887
639894
639901
639908
639915
639922
639929
640158
640161
640164
640167
640170
640173
640176
640179
640182
640185
640188
640191
640194
640197
640200
640203
640206
640209
640212
640215
640218
640221
640224
640227
640230
640233
640236
640239
640242
640245
640248
640251
640356
640363
640370
640377
640384
640391
640398
640405
640412
640419
640426
640433
640440
640447
640454
640461
640468
640475
640482
640489
640496
640503
640510
640517
640524
640531
640538
640545
640552
640559
640566
640573
640802
640805
640808
640811
640814
640817
640820
640823
640826
640829
640832
640835
640838
640841
640844
640847
640850
640853
640856
640859
640862
640865
640868
640871
640874
640877
640880
640883
640886
640889
640892
640895
641000
641007
641014
641021
641028
641035
641042
641049
641056
641063
641070
641077
641084
641091
641098
641105
641112
641119
641126
641133
641140
641147
641154
641161
641168
641175
641182
641189
641196
641203
641210
641217
641406
641409
641412
641415
641418
641421
641424
641427
641430
641433
641436
641439
641442
641445
641448
641451
641454
641457
641460
641463
641466
641469
641472
641475
641572
641575
641578
641581
641584
641587
641590
641596
641599
641602
641605
641608
641611
641614
674474
641620
641623
641626
641629
641632
641635
641638
674481
641644
641647
641650
641653
641656
641659
641662
674488
674495
641902
641908
674537
641914
674544
641920
674551
674558
674557
642181
642184
642187
642190
642193
642196
642199
642202
642205
642208
642211
642214
642217
642220
642223
642226
642229
642232
642235
642238
642241
642244
642247
642250
642253
642256
642259
642262
642265
642268
642271
642274
642428
642431
642434
642437
642440
642443
642446
642449
642452
642455
642458
642461
642464
642467
642470
642473
642476
642479
642482
642485
642488
642491
642494
642497
642500
642503
642506
642509
642512
642515
642518
642521
642787
642790
642793
642796
642799
642802
642805
642808
642811
642814
642817
642820
642823
642826
642829
642832
642835
642838
642841
642844
642847
642850
642853
642856
642859
642862
642865
642868
642871
642874
642877
642880
643034
643037
643040
643043
643046
643049
643052
643055
643058
643061
643064
643067
643070
643073
643076
643079
643082
643085
643088
643091
643094
643097
643100
643103
643106
643109
643112
643115
643118
643121
643124
643127
643393
643396
643399
643402
643405
643408
643411
643414
643417
643420
643423
643426
643429
643432
643435
643438
643441
643444
643447
643450
643453
643456
643459
643462
643465
643468
643471
643474
643477
643480
643483
643486
643640
643643
643646
643649
643652
643655
643658
643661
643664
643667
643670
643673
643676
643679
643682
643685
643688
643691
643694
643697
643700
643703
643706
643709
643712
643715
643718
643721
643724
643727
643730
643733
643999
644002
644005
644008
644011
644014
644017
644020
644023
644026
644029
644032
644035
644038
644041
644044
644047
644050
644053
644056
644059
644062
644065
644068
644071
644074
644077
644080
644083
644086
644089
644092
644246
644249
644252
644255
644258
644261
644264
644267
644270
644273
644276
644279
644282
644285
644288
644291
644294
644297
644300
644303
644306
644309
644312
644315
644318
644321
644324
644327
644330
644333
644336
644339
644605
644608
644611
644614
644617
644620
644623
644626
644629
644632
644635
644638
644641
644644
644647
644650
644653
644656
644659
644662
644665
644668
644671
644674
644677
644680
644683
644686
644689
644692
644695
644698
644852
644855
644858
644861
644864
644867
644870
644873
644876
644879
644882
644885
644888
644891
644894
644897
644900
644903
644906
644909
644912
644915
644918
644921
644924
644927
644930
644933
644936
644939
644942
644945
645211
645214
645217
645220
645223
645226
645229
645232
645235
645238
645241
645244
645247
645250
645253
645256
645259
645262
645265
645268
645271
645274
645277
645280
645283
645286
645289
645292
645295
645298
645301
645304
645458
645461
645464
645467
645470
645473
645476
645479
645482
645485
645488
645491
645494
645497
645500
645503
645506
645509
645512
645515
645518
645521
645524
645527
645530
645533
645536
645539
645542
645545
645548
645551
645817
645820
645823
645826
645829
645832
645835
645838
645841
645844
645847
645850
645853
645856
645859
645862
645865
645868
645871
645874
645877
645880
645883
645886
645889
645892
645895
645898
645901
645904
645907
645910
646064
646067
646070
646073
646076
646079
646082
646085
646088
646091
646094
646097
646100
646103
646106
646109
646112
646115
646118
646121
646124
646127
646130
646133
646136
646139
646142
646145
646148
646151
646154
646157
646383
646386
646389
646392
646395
646398
646401
646404
646407
646410
646413
646416
646419
646422
646425
646428
646431
646434
646437
646440
646443
646446
646449
646452
650378
650381
650384
650387
650390
650393
650396
650402
650405
650408
650411
650414
650417
650420
674675
674682
650634
650637
650640
650643
650646
650649
650652
650658
650661
650664
650667
650670
650673
650676
650677
674723
674730
674729
651300
651314
651328
651342
651611
651618
651625
651632
651639
651646
651653
651660
651667
651674
651681
651688
651695
651702
651709
651716
651723
651730
651737
651744
651751
651758
651765
651772
651779
651786
651793
651800
651807
651814
651821
651828
651897
651900
651903
651906
651909
651912
651915
651918
651921
651924
651927
651930
651933
651936
651939
651942
652101
652104
652107
652110
652113
652116
652119
652122
652125
652128
652131
652134
652137
652140
652143
652146
652147
652614
652621
652628
652635
652642
652649
652656
652663
652670
652677
652684
652691
652698
652705
652712
652719
652726
652733
652740
652747
652754
652761
652768
652775
652782
652789
652796
652803
652810
652817
652824
652831
652900
652903
652906
652909
652912
652915
652918
652921
652924
652927
652930
652933
652936
652939
652942
652945
653104
653107
653110
653113
653116
653119
653122
653125
653128
653131
653134
653137
653140
653143
653146
653149
653150
653617
653624
653631
653638
653645
653652
653659
653666
653673
653680
653687
653694
653701
653708
653715
653722
653729
653736
653743
653750
653757
653764
653771
653778
653785
653792
653799
653806
653813
653820
653827
653834
653903
653906
653909
653912
653915
653918
653921
653924
653927
653930
653933
653936
653939
653942
653945
653948
654107
654110
654113
654116
654119
654122
654125
654128
654131
654134
654137
654140
654143
654146
654149
654152
654153
654620
654627
654634
654641
654648
654655
654662
654669
654676
654683
654690
654697
654704
654711
654718
654725
654732
654739
654746
654753
654760
654767
654774
654781
654788
654795
654802
654809
654816
654823
654830
654837
654906
654909
654912
654915
654918
654921
654924
654927
654930
654933
654936
654939
654942
654945
654948
654951
655110
655113
655116
655119
655122
655125
655128
655131
655134
655137
655140
655143
655146
655149
655152
655155
655156
655623
655630
655637
655644
655651
655658
655665
655672
655679
655686
655693
655700
655707
655714
655721
655728
655735
655742
655749
655756
655763
655770
655777
655784
655791
655798
655805
655812
655819
655826
655833
655840
655909
655912
655915
655918
655921
655924
655927
655930
655933
655936
655939
655942
655945
655948
655951
655954
656113
656116
656119
656122
656125
656128
656131
656134
656137
656140
656143
656146
656149
656152
656155
656158
656159
656626
656633
656640
656647
656654
656661
656668
656675
656682
656689
656696
656703
656710
656717
656724
656731
656738
656745
656752
656759
656766
656773
656780
656787
656794
656801
656808
656815
656822
656829
656836
656843
656912
656915
656918
656921
656924
656927
656930
656933
656936
656939
656942
656945
656948
656951
656954
656957
657116
657119
657122
657125
657128
657131
657134
657137
657140
657143
657146
657149
657152
657155
657158
657161
657162
657629
657636
657643
657650
657657
657664
657671
657678
657685
657692
657699
657706
657713
657720
657727
657734
657741
657748
657755
657762
657769
657776
657783
657790
657797
657804
657811
657818
657825
657832
657839
657846
657915
657918
657921
657924
657927
657930
657933
657936
657939
657942
657945
657948
657951
657954
657957
657960
658119
658122
658125
658128
658131
658134
658137
658140
658143
658146
658149
658152
658155
658158
658161
658164
658165
658456
658463
658470
658477
658484
658491
658498
658505
658512
658519
658526
658533
658540
658547
658554
658561
658568
658575
658582
658589
658596
658603
658610
658617
658692
658699
658706
658713
658720
658727
658734
658748
658755
658762
658769
658776
658783
658790
674785
658804
658811
658818
658825
658832
658839
658846
674792
658860
658867
658874
658881
658888
658895
658902
674799
674806
659159
674834
659177
659183
674855
659189
659190
659378
659381
659384
659387
659390
659393
659396
659399
659450
659453
659456
659459
659462
659465
659468
659471
659474
659477
659480
659483
659486
659489
659492
659495
659498
659501
659504
659507
659510
659513
659516
659519
659520
659576
659583
659590
659597
659604
659611
659618
659625
659632
659639
659646
659653
659660
659667
659674
659681
659688
659695
659702
659709
659716
659723
659730
659737
659744
659751
659758
659765
659772
659779
659786
659793
660022
660025
660028
660031
660034
660037
660040
660043
660094
660097
660100
660103
660106
660109
660112
660115
660118
660121
660124
660127
660130
660133
660136
660139
660142
660145
660148
660151
660154
660157
660160
660163
660164
660220
660227
660234
660241
660248
660255
660262
660269
660276
660283
660290
660297
660304
660311
660318
660325
660332
660339
660346
660353
660360
660367
660374
660381
660388
660395
660402
660409
660416
660423
660430
660437
660666
660669
660672
660675
660678
660681
660684
660687
660738
660741
660744
660747
660750
660753
660756
660759
660762
660765
660768
660771
660774
660777
660780
660783
660786
660789
660792
660795
660798
660801
660804
660807
660808
660864
660871
660878
660885
660892
660899
660906
660913
660920
660927
660934
660941
660948
660955
660962
660969
660976
660983
660990
660997
661004
661011
661018
661025
661032
661039
661046
661053
661060
661067
661074
661081
661310
661313
661316
661319
661322
661325
661328
661331
661382
661385
661388
661391
661394
661397
661400
661403
661406
661409
661412
661415
661418
661421
661424
661427
661430
661433
661436
661439
661442
661445
661448
661451
661452
661508
661515
661522
661529
661536
661543
661550
661557
661564
661571
661578
661585
661592
661599
661606
661613
661620
661627
661634
661641
661648
661655
661662
661669
661676
661683
661690
661697
661704
661711
661718
661725
661954
661957
661960
661963
661966
661969
661972
661975
662026
662029
662032
662035
662038
662041
662044
662047
662050
662053
662056
662059
662062
662065
662068
662071
662074
662077
662080
662083
662086
662089
662092
662095
662096
662152
662159
662166
662173
662180
662187
662194
662201
662208
662215
662222
662229
662236
662243
662250
662257
662264
662271
662278
662285
662292
662299
662306
662313
662320
662327
662334
662341
662348
662355
662362
662369
662598
662601
662604
662607
662610
662613
662616
662619
662670
662673
662676
662679
662682
662685
662688
662691
662694
662697
662700
662703
662706
662709
662712
662715
662718
662721
662724
662727
662730
662733
662736
662739
662740
662796
662803
662810
662817
662824
662831
662838
662845
662852
662859
662866
662873
662880
662887
662894
662901
662908
662915
662922
662929
662936
662943
662950
662957
662964
662971
662978
662985
662992
662999
663006
663013
663242
663245
663248
663251
663254
663257
663260
663263
663314
663317
663320
663323
663326
663329
663332
663335
663338
663341
663344
663347
663350
663353
663356
663359
663362
663365
663368
663371
663374
663377
663380
663383
663384
663440
663447
663454
663461
663468
663475
663482
663489
663496
663503
663510
663517
663524
663531
663538
663545
663552
663559
663566
663573
663580
663587
663594
663601
663608
663615
663622
663629
663636
663643
663650
663657
663846
663849
663852
663855
663858
663861
663900
663903
663906
663909
663912
663915
663918
663921
663924
663927
663930
663933
663936
663939
663942
663945
663948
663951
663952
674862
674869
664060
664063
664066
664069
664072
664075
664078
664084
664087
664090
664093
664096
664099
664102
674890
664108
664111
664114
664117
664120
664123
664126
674897
664132
664135
664138
664141
664144
664147
664150
664151
664311
664314
664317
664320
664323
664326
664329
664332
664335
664338
664341
664344
664347
664350
664353
664356
664359
664362
664365
664368
664371
664374
664377
664380
664383
664386
664389
664392
664395
664398
664401
664404
664405
664510
664513
664516
664519
664522
664525
664528
664531
664534
664537
664540
664543
664546
664549
664552
664555
664558
664561
664564
664567
664570
664573
664576
664579
664582
664585
664588
664591
664594
664597
664600
664603
664604
664709
664712
664715
664718
664721
664724
664727
664730
664733
664736
664739
664742
664745
664748
664751
664754
664757
664760
664763
664766
664769
664772
664775
664778
664781
664784
664787
664790
664793
664796
664799
664802
664803
664908
664911
664914
664917
664920
664923
664926
664929
664932
664935
664938
664941
664944
664947
664950
664953
664956
664959
664962
664965
664968
664971
664974
664977
664980
664983
664986
664989
664992
664995
664998
665001
665002
665107
665110
665113
665116
665119
665122
665125
665128
665131
665134
665137
665140
665143
665146
665149
665152
665155
665158
665161
665164
665167
665170
665173
665176
665179
665182
665185
665188
665191
665194
665197
665200
665201
665306
665309
665312
665315
665318
665321
665324
665327
665330
665333
665336
665339
665342
665345
665348
665351
665354
665357
665360
665363
665366
665369
665372
665375
665378
665381
665384
665387
665390
665393
665396
665399
665400
665505
665508
665511
665514
665517
665520
665523
665526
665529
665532
665535
665538
665541
665544
665547
665550
665553
665556
665559
665562
665565
665568
665571
665574
665577
665580
665583
665586
665589
665592
665595
665598
665599
674904
674911
674925
674932
674953
674960
674967
674974
675030
675037
675065
675072
675079
675086
675100
675156
675163
675170
675197
675283
675282
675293
675320
675327
675334
675341
675431
675438
675445
675452
675480
675507
675514
675521
675528
675535
675542
675583
675590
675597
675604
675611
675610
676043
676050
676085
676092
676099
676106
676127
676134
676141
676148
676190
676197
676204
676211
676210
676328
676335
676376
676383
676382
676438
676445
676452
676459
676487
676508
676515
676522
676543
676550
676557
676564
676578
676585
676606
676613
676620
676627
676683
676690
676718
676725
676732
676739
676753
676809
676816
676823
676850
676919
676940
676939
676950
676977
676984
676991
676998
677088
677095
677102
677109
677137
677164
677171
677178
677185
677192
677199
677240
677247
677254
677261
677268
677267
677700
677707
677742
677749
677756
677763
677784
677791
677798
677805
677847
677854
677861
677868
677867
677985
677992
678033
678040
678039
678095
678102
678109
678116
678144
678165
678172
678179
678200
678207
678214
678221
678235
678242
678263
678270
678277
678284
678340
678347
678375
678382
678389
678396
678410
678466
678473
678480
678507
678576
678597
678596
678607
678634
678641
678648
678655
678745
678752
678759
678766
678794
678821
678828
678835
678842
678849
678856
678897
678904
678911
678918
678925
678924
679357
679364
679399
679406
679413
679420
679441
679448
679455
679462
679504
679511
679518
679525
679524
679642
679649
679690
679697
679696
679752
679759
679766
679773
679801
679822
679829
679836
679857
679864
679871
679878
679885
679892
673250
673257
673271
673278
673299
673306
673313
673320
673376
673383
673411
673418
673425
673432
673446
673502
673509
673516
673543
673613
673614
673637
673638
673639
673666
673673
673680
673687
673777
673784
673791
673798
673826
673853
673860
673867
673874
673881
673888
673929
673936
673943
673950
674389
674396
674431
674438
674445
674452
674473
674480
674487
674494
674536
674543
674550
674674
674681
674722
674784
674791
674798
674805
674833
674854
674861
674868
674889
674896
674903
674910
674924
674931
674952
674959
674966
674973
675029
675036
675064
675071
675078
675085
675099
675155
675162
675169
675196
675266
675267
675290
675291
675292
675319
675326
675333
675340
675430
675437
675444
675451
675479
675506
675513
675520
675527
675534
675541
675582
675589
675596
675603
676042
676049
676084
676091
676098
676105
676126
676133
676140
676147
676189
676196
676203
676327
676334
676375
676437
676444
676451
676458
676486
676507
676514
676521
676542
676549
676556
676563
676577
676584
676605
676612
676619
676626
676682
676689
676717
676724
676731
676738
676752
676808
676815
676822
676849
676918
676947
676948
676949
676976
676983
676990
676997
677087
677094
677101
677108
677136
677163
677170
677177
677184
677191
677198
677239
677246
677253
677260
677699
677706
677741
677748
677755
677762
677783
677790
677797
677804
677846
677853
677860
677984
677991
678032
678094
678101
678108
678115
678143
678164
678171
678178
678199
678206
678213
678220
678234
678241
678262
678269
678276
678283
678339
678346
678374
678381
678388
678395
678409
678465
678472
678479
678506
678575
678604
678605
678606
678633
678640
678647
678654
678744
678751
678758
678765
678793
678820
678827
678834
678841
678848
678855
678896
678903
678910
678917
679356
679363
679398
679405
679412
679419
679440
679447
679454
679461
679503
679510
679517
679641
679648
679689
679751
679758
679765
679772
679800
679821
679828
679835
679856
679863
679870
679877
679884
